10007
10009
10010
10011
10012
10013
10021
10024
10027
10033
10035
10036
10038
10039
10041
10045
10048
10050
10052
10053
10056
10061
10062
10066
10070
10072
10082
10089
10101
10105
10106
10108
10112
10115
10117
10118
10122
10124
10128
10129
10130
10132
10133
10134
10136
10140
10144
10145
10146
10147
10150
10153
10155
10156
10158
10160
10162
10163
10166
10167
10170
10171
10173
10175
10177
10179
10183
10184
10188
10189
10192
10195
10196
10199
10200
10202
10210
10213
10217
10220
10221
10222
10227
10228
10235
10236
10237
10239
10240
10243
10245
10246
10249
10250
10251
10253
10256
10257
10260
10263
10266
10269
10270
10271
10276
10281
10289
10291
10295
10298
10301
10304
10305
10307
10309
10314
10315
10319
10320
10324
10326
10328
10330
10331
10332
10336
10337
10338
10343
10346
10349
10350
10352
10353
10354
10360
10366
10371
10372
10375
10378
10379
10381
10383
10386
10388
10389
10391
10393
10395
10396
10398
10400
10401
10403
10405
10407
10409
10410
10413
10414
10415
10416
10418
10419
10422
10425
10432
10436
10443
10444
10446
10447
10450
10451
10452
10453
10454
10455
10456
10457
10459
10462
10464
10465
10467
10469
10472
10474
10476
10477
10478
10479
10480
10483
10484
10486
10487
10488
10489
10490
10491
10492
10493
10494
10495
10496
10498
10499
10502
10503
10504
10506
10507
10508
10509
10510
10511
10514
10516
10517
10518
10520
10522
10524
10525
10526
10527
10529
10530
10532
10533
10534
10535
10536
10539
10540
10541
10545
10546
10549
10550
10552
10554
10555
10558
10559
10562
10564
10565
10568
10569
10571
10574
10575
10576
10577
10578
10582
10584
10586
10593
10594
10595
10599
10601
10602
10603
10604
10605
10606
10607
10608
10609
10611
10614
10615
10616
10617
10618
10619
10620
10621
10622
10624
10625
10626
10627
10628
10629
10630
10631
10632
10633
10634
10635
10638
10639
10641
10642
10643
10644
10649
10650
10651
10653
10655
10656
10658
10660
10661
10662
10663
10664
10665
10666
10667
10669
10670
10671
10672
10674
10675
10680
10681
10683
10684
10685
10686
10688
10689
10690
10691
10694
10695
10696
10697
10698
10699
10701
10702
10704
10710
10711
10712
10714
10716
10721
10725
10727
10728
10731
10733
10734
10735
10736
10737
10738
10739
10741
10742
10745
10746
10747
10748
10751
10753
10754
10755
10756
10762
10764
10766
10767
10768
10770
10772
10773
10777
10778
10784
10786
10788
10789
10791
10792
10793
10794
10795
10798
10799
10801
10808
10809
10810
10811
10812
10813
10814
10815
10818
10819
10821
10822
10824
10825
10826
10827
10829
10830
10831
10832
10833
10835
10836
10837
10838
10839
10840
10841
10847
10848
10849
10850
10851
10852
10853
10854
10855
10856
10859
10862
10863
10864
10867
10868
10869
10873
10874
10875
10876
10877
10878
10879
10881
10882
10883
10884
10885
10886
10887
10888
10889
10892
10893
10894
10895
10896
10897
10898
10901
10902
10903
10904
10905
10906
10907
10908
10909
10910
10911
10912
10913
10914
10916
10917
10918
10919
10921
10922
10925
10926
10927
10928
10929
10932
10933
10936
10937
10938
10940
10941
10942
10943
10944
10945
10946
10947
10948
10951
10952
10953
10954
10956
10957
10958
10959
10961
10962
10963
10964
10965
10966
10968
10969
10970
10971
10972
10973
10974
10975
10976
10977
10978
10979
10981
10983
10984
10986
10989
10990
10991
10992
10993
10994
10995
10996
10998
11000
11003
11004
11005
11006
11007
11009
11010
11011
11013
11014
11015
11017
11018
11019
11020
11021
11023
11024
11025
11026
11027
11028
11029
11030
11031
11032
11033
11036
11037
11038
11040
11041
11042
11044
11045
11048
11049
11051
11053
11054
11058
11059
11060
11061
11063
11068
11070
11071
11072
11074
11075
11076
11079
11080
11082
11083
11087
11092
11094
11095
11096
11097
11098
11099
11108
11110
11111
11112
11113
11114
11115
11118
11120
11122
11125
11128
11129
11131
11132
11133
11134
11135
11136
11137
11138
11139
11140
11142
11144
11145
11146
11147
11148
11149
11151
11152
11153
11154
11156
11157
11159
11160
11161
11162
11164
11165
11167
11168
11170
11171
11172
11174
11175
11176
11177
11178
11179
11180
11181
11182
11184
11185
11187
11188
11189
11191
11193
11196
11197
11199
11200
11201
11202
11203
11204
11205
11206
11207
11208
11211
11212
11214
11215
11217
11218
11219
11220
11221
11222
11223
11226
11228
11229
11230
11231
11232
11233
11234
11235
11236
11238
11240
11242
11243
11244
11245
11247
11249
11251
11252
11253
11256
11258
11259
11260
11261
11262
11264
11266
11267
11268
11269
11270
11271
11272
11274
11275
11276
11277
11278
11279
11280
11281
11282
11283
11284
11285
11288
11289
11291
11292
11296
11297
11298
11299
11300
11301
11302
11303
11304
11305
11307
11308
11309
11310
11311
11312
11313
11314
11315
11316
11317
11318
11319
11320
11321
11322
11324
11325
11326
11328
11329
11330
11333
11335
11336
11337
11338
11339
11340
11341
11342
11343
11344
11345
11346
11352
11356
11357
11359
11361
11362
11363
11364
11365
11366
11368
11370
11372
11373
11375
11377
11378
11379
11381
11382
11383
11385
11386
11387
11388
11389
11390
11391
11392
11402
11404
11407
11408
11409
11410
11411
11415
11419
11420
11421
11422
11426
11427
11429
11431
11432
11433
11434
11435
11436
11438
11440
11441
11443
11444
11445
11446
11447
11448
11452
11453
11454
11456
11458
11460
11461
11462
11464
11467
11468
11469
11471
11474
11476
11479
11480
11481
11482
11483
11484
11487
11488
11489
11490
11491
11493
11496
11497
11498
11500
11501
11502
11503
11504
11505
11506
11509
11511
11514
11515
11516
11517
11518
11519
11520
11521
11523
11524
11525
11529
11531
11533
11534
11535
11536
11537
11538
11539
11541
11542
11546
11547
11549
11550
11551
11552
11555
11556
11557
11558
11559
11560
11561
11562
11565
11566
11567
11569
11570
11571
11572
11574
11575
11576
11577
11578
11580
11581
11582
11583
11584
11585
11586
11587
11588
11589
11590
11596
11597
11598
11599
11600
11601
11602
11603
11604
11607
11608
11609
11610
11612
11613
11617
11618
11619
11621
11623
11624
11625
11626
11627
11628
11629
11630
11631
11632
11633
11634
11635
11636
11637
11638
11639
11640
11642
11644
11645
11646
11647
11649
11651
11653
11656
11657
11658
11659
11660
11661
11662
11663
11664
11665
11666
11667
11668
11669
11671
11672
11673
11678
11680
11688
11690
11692
11693
11694
11695
11697
11698
11699
11700
11701
11702
11703
11705
11706
11708
11709
11710
11711
11712
11714
11715
11717
11720
11722
11723
11726
11727
11731
11733
11736
11737
11739
11745
11748
11752
11753
11754
11755
11758
11759
11762
11763
11764
11765
11766
11767
11769
11771
11774
11776
11781
11782
11783
11784
11785
11786
11789
11790
11791
11794
11795
11797
11800
11801
11803
11806
11808
11809
11810
11812
11813
11814
11819
11821
11823
11824
11825
11826
11828
11829
11830
11832
11834
11836
11837
11838
11839
11840
11841
11842
11844
11845
11846
11847
11849
11850
11851
11852
11853
11854
11855
11856
11857
11858
11861
11862
11863
11864
11865
11866
11867
11869
11871
11872
11873
11874
11875
11876
11877
11878
11879
11880
11884
11886
11887
11888
11889
11890
11891
11892
11896
11897
11898
11902
11903
11904
11906
11907
11908
11911
11912
11913
11914
11915
11916
11918
11921
11923
11925
11927
11928
11929
11930
11932
11933
11934
11935
11937
11939
11940
11941
11943
11944
11945
11948
11950
11951
11952
11954
11955
11957
11958
11959
11960
11961
11962
11965
11966
11967
11968
11969
11970
11971
11972
11974
11975
11976
11977
11978
11980
11981
11982
11983
11984
11986
11987
11988
11991
11994
11995
11996
11997
11999
12000
12002
12003
12004
12005
12006
12007
12008
12009
12010
12013
12014
12016
12017
12018
12019
12021
12022
12023
12024
12025
12027
12028
12029
12030
12031
12032
12034
12037
12039
12041
12042
12043
12044
12046
12047
12048
12049
12050
12051
12053
12054
12056
12059
12065
12066
12068
12071
12072
12073
12075
12076
12077
12078
12079
12080
12082
12083
12084
12085
12091
12092
12093
12094
12095
12097
12098
12100
12101
12102
12106
12107
12108
12109
12110
12116
12117
12118
12121
12122
12123
12124
12126
12127
12129
12130
12133
12135
12137
12138
12139
12140
12141
12142
12143
12144
12145
12146
12147
12148
12149
12150
12151
12154
12155
12157
12158
12159
12160
12161
12163
12167
12168
12169
12170
12171
12174
12175
12176
12178
12179
12180
12181
12183
12185
12186
12187
12189
12193
12194
12195
12196
12198
12201
12203
12204
12206
12208
12209
12210
12211
12212
12213
12215
12216
12217
12218
12219
12221
12222
12223
12224
12225
12227
12228
12229
12232
12233
12235
12237
12238
12240
12242
12243
12248
12249
12250
12251
12252
12255
12256
12257
12258
12260
12261
12263
12265
12267
12268
12269
12271
12272
12273
12274
12275
12276
12278
12279
12281
12282
12283
12284
12285
12290
12292
12293
12294
12295
12296
12297
12298
12299
12301
12302
12304
12305
12306
12307
12309
12316
12319
12320
12321
12322
12323
12324
12326
12329
12335
12337
12338
12344
12346
12349
12350
12351
12352
12359
12361
12363
12365
12366
12368
12369
12370
12372
12374
12375
12377
12378
12379
12382
12384
12385
12386
12389
12390
12391
12393
12395
12398
12405
12410
12413
12414
12416
12418
12421
12423
12426
12427
12428
12433
12435
12436
12450
12452
12454
12455
12458
12464
12466
12469
12470
12471
12473
12475
12476
12477
12478
12484
12487
12488
12490
12491
12492
12494
12495
12498
12499
12501
12502
12503
12511
12513
12514
12515
12517
12518
12519
12522
12523
12525
12527
12531
12532
12535
12536
12538
12542
12543
12544
12545
12547
12549
12550
12551
12552
12554
12555
12557
12561
12563
12566
12567
12569
12571
12574
12575
12578
12580
12582
12583
12584
12586
12590
12592
12593
12596
12597
12600
12602
12603
12605
12609
12610
12611
12614
12615
12616
12618
12619
12620
12625
12626
12627
12628
12629
12630
12632
12636
12637
12638
12640
12642
12644
12646
12647
12648
12651
12652
12654
12655
12657
12661
12662
12664
12666
12668
12673
12674
12676
12677
12682
12683
12684
12686
12687
12688
12690
12691
12692
12693
12694
12699
12701
12702
12703
12705
12706
12707
12711
12712
12713
12715
12718
12719
12720
12727
12728
12730
12731
12733
12734
12736
12738
12739
12743
12745
12746
12747
12748
12749
12751
12752
12754
12755
12761
12762
12763
12764
12768
12770
12771
12775
12779
12780
12782
12787
12789
12790
12793
12795
12800
12806
12808
12811
12812
12814
12815
12816
12817
12818
12825
12829
12831
12833
12835
12840
12841
12844
12846
12849
12850
12851
12854
12856
12857
12861
12862
12863
12864
12866
12867
12869
12870
12871
12872
12873
12874
12879
12880
12881
12882
12886
12887
12888
12891
12892
12893
12894
12895
12897
12898
12900
12901
12902
12903
12904
12908
12909
12910
12911
12912
12914
12915
12916
12917
12919
12922
12923
12924
12926
12927
12930
12933
12936
12937
12938
12940
12941
12943
12947
12948
12949
12950
12951
12953
12958
12962
12965
12966
12969
12971
12972
12973
12975
12976
12977
12978
12980
12985
12986
12987
12988
12992
12995
12996
12998
13000
13005
13009
13010
13011
13013
13014
13018
13019
13020
13021
13025
13026
13027
13028
13029
13031
13033
13034
13037
13039
13040
13041
13042
13043
13044
13045
13046
13050
13051
13052
13053
13054
13055
13056
13059
13060
13061
13062
13063
13065
13068
13071
13072
13073
13074
13077
13082
13083
13084
13085
13086
13087
13089
13093
13094
13095
13096
13097
13098
13099
13101
13102
13104
13105
13106
13107
13108
13109
13110
13111
13116
13117
13120
13121
13123
13124
13130
13133
13173
13178
13179
13181
13187
13188
13190
13192
13194
13199
13201
13203
13204
13205
13206
13208
13209
13210
13211
13212
13214
13215
13217
13218
13219
13221
13224
13231
13234
13236
13237
13244
13248
13249
13255
13261
13264
13265
13266
13267
13268
13270
13271
13272
13273
13274
13276
13277
13279
13280
13281
13282
13285
13286
13289
13290
13292
13293
13294
13300
13303
13306
13308
13309
13312
13313
13314
13315
13318
13319
13320
13321
13322
13323
13328
13330
13334
13335
13336
13337
13339
13340
13342
13345
13348
13349
13350
13352
13353
13355
13356
13357
13362
13363
13364
13365
13366
13367
13370
13372
13373
13374
13376
13377
13378
13379
13380
13382
13386
13387
13388
13389
13391
13392
13396
13399
13402
13403
13405
13409
13411
13412
13414
13416
13417
13419
13420
13422
13423
13426
13427
13429
13430
13433
13434
13435
13437
13438
13442
13445
13446
13447
13449
13452
13453
13454
13455
13460
13467
13468
13470
13471
13472
13473
13474
13476
13477
13478
13479
13482
13489
13490
13491
13493
13494
13495
13496
13497
13498
13499
13501
13503
13505
13506
13507
13508
13510
13511
13512
13513
13514
13516
13518
13519
13520
13523
13524
13525
13526
13528
13529
13531
13532
13535
13536
13538
13539
13541
13543
13547
13550
13551
13552
13553
13554
13556
13558
13559
13561
13562
13563
13564
13565
13569
13570
13573
13574
13575
13576
13580
13581
13582
13584
13588
13589
13591
13592
13594
13595
13597
13600
13602
13603
13608
13609
13610
13611
13612
13615
13619
13621
13624
13628
13636
13637
13638
13639
13641
13644
13645
13647
13648
13650
13651
13652
13653
13656
13657
13659
13662
13663
13664
13668
13669
13670
13671
13672
13673
13674
13675
13677
13678
13680
13681
13682
13683
13684
13688
13689
13690
13691
13693
13695
13697
13698
13701
13702
13706
13707
13708
13710
13713
13716
13717
13721
13723
13726
13727
13729
13732
13735
13737
13740
13744
13745
13746
13747
13748
13749
13750
13751
13753
13754
13755
13756
13758
13759
13760
13761
13762
13763
13764
13765
13766
13768
13769
13770
13772
13776
13777
13778
13779
13780
13783
13785
13787
13788
13790
13791
13792
13793
13794
13795
13796
13797
13799
13800
13801
13802
13803
13807
13808
13809
13811
13815
13816
13818
13821
13822
13823
13824
13825
13827
13830
13831
13832
13833
13834
13835
13836
13840
13841
13843
13844
13846
13852
13861
13864
13872
13873
13876
13878
13880
13882
13883
13885
13889
13895
13898
13902
13903
13908
13911
13912
13917
13918
13930
13939
13940
13947
13948
13953
13955
13960
13963
13967
13969
13974
13975
13976
13977
13982
13983
14006
14015
14038
14133
14212
14225
14243
14265
14283
14286
14290
14297
14312
14343
14384
14385
14386
14397
14417
14418
14434
14443
14445
14446
14449
14510
14516
14518
14582
14588
14591
14597
14602
14604
14607
14608
14620
14623
14628
14635
14637
14643
14653
14659
14668
14672
14677
14678
14681
14682
14685
14689
14690
14693
14694
14697
14698
14699
14702
14703
14706
14708
14716
14717
14720
14721
14722
14723
14725
14726
14728
14740
14742
14743
14747
14750
14752
14757
14758
14759
14761
14763
14765
14768
14769
14770
14771
14773
14774
14775
14776
14778
14782
14788
14790
14793
14794
14795
14796
14797
14798
14802
14806
14809
14812
14813
14814
14816
14817
14819
14821
14824
14826
14827
14832
14834
14836
14837
14838
14839
14840
14841
14842
14844
14846
14848
14849
14850
14851
14852
14855
14856
14857
14861
14862
14863
14864
14865
14869
14870
14871
14872
14873
14879
14883
14884
14885
14886
14887
14888
14889
14894
14895
14896
14898
14902
14904
14907
14909
14911
14912
14914
14919
14920
14922
14923
14926
14929
14931
14933
14936
14937
14938
14939
14940
14941
14942
14943
14945
14948
14950
14971
14984
14992
14996
14997
15000
15003
15007
15008
15010
15012
15013
15016
15022
15024
15028
15029
15036
15039
15040
15103
15109
15145
15149
15150
15163
15187
15189
15221
15231
15239
15330
15331
15333
15346
15359
15416
15441
15453
15463
15474
15483
15505
15510
15523
15536
15539
15549
15550
15609
15612
15619
15641
15645
15650
15661
15663
15667
15668
15683
15685
15688
15690
15691
15695
15696
15710
15716
15720
15723
15724
15725
15727
15728
15729
15730
15732
15737
15739
15743
15747
15748
15752
15757
15758
15761
15763
15765
15766
15767
15768
15770
15774
15775
15779
15780
15792
15793
15798
15799
15800
15801
15802
15808
15809
15813
15823
15824
15827
15830
15831
15839
15842
15843
15844
15845
15851
15859
15863
15866
15868
15872
15873
15875
15878
15881
15883
15885
15888
15889
15890
15891
15893
15895
15900
15901
15902
15904
15905
15906
15907
15909
15911
15913
15915
15916
15918
15924
15928
15929
15930
15931
15938
15940
15941
15942
15945
15946
15947
15948
15950
15951
15952
15955
15956
15957
15959
15961
15962
15966
15968
15969
15970
15972
15974
15976
15981
15982
15987
16013
16039
16045
16057
16075
16109
16124
16129
16130
16135
16149
16153
16154
16157
16159
16162
16164
16168
16172
16174
16176
16179
16190
16196
16201
16222
16224
16229
16243
16264
16272
16280
16283
16291
16292
16300
16301
16302
16304
16310
16325
16328
16329
16331
16332
16333
16335
16336
16346
16347
16348
16360
16361
16363
16382
16387
16388
16389
16401
16405
16412
16413
16417
16438
16439
16440
16460
16461
16462
16463
16471
16472
16473
16474
16478
16480
16482
16483
16492
16494
16495
16497
16498
16503
16505
16507
16508
16509
16510
16511
16516
16519
16520
16522
16534
16535
16537
16541
16543
16547
16549
16551
16554
16556
16561
16562
16563
16565
16567
16571
16572
16573
16574
16575
16576
16577
16580
16581
16582
16583
16587
16593
16595
16598
16604
16606
16609
16611
16615
16616
16617
16618
16620
16621
16623
16625
16626
16627
16629
16630
16631
16633
16634
16635
16637
16638
16640
16643
16645
16647
16648
16649
16650
16651
16653
16654
16656
16657
16658
16662
16674
16678
16681
16683
16684
16685
16686
16688
16689
16692
16693
16695
16696
16700
16701
16704
16706
16707
16709
16710
16711
16713
16714
16715
16721
16726
16727
16728
16729
16731
16732
16733
16735
16737
16742
16744
16747
16748
16749
16750
16752
16754
16757
16758
16760
16763
16764
16765
16766
16767
16769
16770
16771
16783
16784
16787
16789
16793
16795
16801
16811
16812
16816
16817
16839
16852
16864
16876
16897
16898
16906
16907
16910
16911
16914
16916
16923
16926
16927
16930
16939
16942
16943
16945
16947
16948
16949
16951
16954
16956
16958
16967
16969
16978
16983
16986
16992
16995
17000
17002
17005
17016
17027
17034
17037
17040
17042
17043
17045
17051
17052
17053
17054
17056
17061
17062
17070
17072
17083
17084
17092
17095
17096
17108
17109
17110
17111
17113
17116
17117
17118
17120
17122
17123
17124
17125
17126
17127
17131
17132
17133
17135
17136
17137
17139
17147
17167
17168
17171
17177
17178
17181
17189
17190
17191
17192
17193
17194
17196
17198
17201
17202
17204
17205
17206
17209
17210
17215
17217
17218
17219
17223
17224
17225
17226
17227
17228
17230
17232
17236
17237
17238
17241
17242
17250
17256
17258
17259
17261
17262
17264
17265
17267
17268
17269
17272
17277
17283
17286
17287
17288
17290
17291
17292
17293
17294
17295
17297
17298
17300
17301
17303
17305
17306
17307
17308
17309
17310
17311
17312
17313
17314
17315
17316
17317
17318
17319
17329
17331
17335
17337
17338
17339
17341
17342
17343
17345
17346
17347
17348
17350
17352
17353
17357
17358
17359
17360
17361
17362
17363
17364
17365
17366
17367
17368
17369
17370
17372
17374
17375
17376
17377
17378
17379
17380
17381
17382
17383
17384
17386
17387
17389
17391
17393
17396
17397
17399
17400
17401
17402
17403
17404
17405
17406
17407
17408
17410
17412
17413
17417
17419
17422
17423
17425
17427
17429
17430
17432
17434
17436
17437
17438
17440
17443
17448
17452
17455
17457
17458
17459
17460
17461
17462
17465
17466
17467
17468
17469
17470
17471
17472
17474
17477
17479
17481
17482
17483
17484
17485
17486
17487
17488
17490
17491
17493
17494
17495
17496
17497
17498
17502
17503
17506
17508
17509
17510
17511
17512
17513
17514
17518
17520
17521
17522
17523
17524
17525
17526
17527
17528
17536
17538
17539
17543
17544
17546
17547
17549
17550
17552
17553
17554
17555
17556
17558
17559
17561
17562
17564
17567
17569
17570
17574
17575
17576
17578
17579
17580
17581
17582
17583
17584
17586
17588
17589
17590
17591
17592
17595
17601
17605
17616
17620
17623
17625
17628
17632
17640
17641
17645
17646
17650
17658
17660
17669
17676
17677
17680
17681
17682
17684
17689
17690
17701
17703
17705
17707
17713
17719
17721
17736
17742
17746
17762
17792
17798
17804
17807
17816
17842
17843
17844
17846
17847
17848
17849
17850
17851
17852
17854
17855
17861
17863
17864
17868
17880
17883
17884
17889
17891
17892
17901
17902
17904
17905
17907
17912
17915
17916
17917
17919
17920
17921
17922
17923
17924
17937
17940
17946
17947
17951
17952
17953
17956
17957
17960
17963
17977
17981
17984
17985
17986
17987
17990
18003
18007
18009
18010
18013
18016
18018
18029
18031
18034
18036
18037
18039
18040
18041
18049
18050
18053
18054
18056
18057
18058
18059
18060
18062
18066
18075
18076
18077
18080
18081
18084
18085
18086
18087
18088
18090
18092
18093
18094
18097
18100
18105
18108
18109
18112
18113
18114
18115
18116
18117
18118
18119
18120
18122
18123
18125
18126
18127
18128
18129
18132
18134
18136
18137
18138
18140
18141
18144
18145
18146
18147
18149
18150
18151
18152
18153
18155
18156
18158
18159
18160
18161
18163
18164
18165
18166
18167
18178
18180
18182
18183
18184
18187
18188
18189
18191
18192
18197
18199
18201
18204
18207
18211
18212
18213
18214
18217
18219
18220
18222
18224
18227
18228
18231
18232
18233
18234
18238
18240
18241
18242
18244
18245
18246
18247
18248
18250
18251
18252
18254
18256
18257
18258
18259
18260
18261
18262
18264
18265
18266
18267
18269
18270
18271
18272
18273
18275
18276
18278
18286
18287
18298
18310
18311
18314
18320
18326
18332
18334
18342
18349
18358
18359
18360
18364
18365
18366
18367
18368
18380
18383
18384
18386
18393
18394
18402
18404
18409
18433
18435
18441
18442
18444
18447
18452
18456
18464
18471
18472
18480
18484
18487
18494
18496
18502
18503
18506
18509
18510
18513
18515
18516
18517
18518
18519
18522
18526
18528
18530
18534
18536
18542
18545
18553
18554
18556
18559
18561
18565
18575
18577
18591
18593
18596
18599
18604
18606
18609
18615
18620
18626
18627
18630
18633
18634
18636
18637
18639
18645
18647
18650
18653
18661
18670
18676
18677
18678
18679
18680
18681
18686
18687
18688
18692
18693
18695
18696
18697
18699
18701
18702
18705
18706
18714
18715
18717
18720
18721
18723
18724
18725
18726
18727
18728
18729
18731
18732
18734
18735
18736
18741
18743
18744
18747
18750
18751
18752
18758
18759
18760
18761
18763
18765
18768
18770
18773
18775
18776
18780
18782
18783
18784
18789
18791
18793
18794
18795
18798
18800
18803
18806
18808
18809
18812
18813
18815
18816
18820
18821
18823
18825
18830
18831
18832
18834
18836
18837
18838
18839
18840
18843
18845
18851
18852
18853
18855
18856
18857
18858
18859
18860
18862
18863
18864
18865
18866
18869
18872
18875
18876
18878
18879
18880
18883
18884
18885
18886
18887
18889
18890
18891
18892
18893
18897
18898
18902
18903
18904
18905
18906
18907
18908
18909
18910
18911
18912
18913
18914
18916
18917
18921
18922
18923
18924
18927
18928
18930
18932
18935
18937
18938
18940
18941
18942
18944
18947
18948
18950
18951
18952
18955
18956
18957
18959
18960
18961
18962
18966
18967
18968
18969
18970
18971
18973
18974
18976
18980
18981
18986
19004
19009
19014
19017
19018
19020
19021
19025
19026
19028
19029
19030
19038
19042
19043
19045
19049
19050
19051
19052
19054
19057
19059
19063
19064
19067
19069
19072
19088
19091
19096
19098
19099
19102
19104
19105
19106
19107
19111
19112
19113
19118
19120
19122
19123
19124
19126
19131
19132
19133
19134
19135
19136
19137
19139
19140
19141
19148
19150
19153
19154
19159
19161
19163
19166
19170
19173
19174
19175
19177
19178
19180
19181
19182
19183
19187
19189
19193
19194
19196
19198
19199
19200
19201
19202
19204
19205
19206
19211
19212
19213
19214
19221
19232
19234
19236
19249
19250
19259
19264
19276
19278
19280
19299
19302
19306
19352
19355
19358
19359
19360
19366
19404
19406
19407
19415
19418
19421
19428
19429
19439
19448
19455
19460
19462
19489
19493
19498
19502
19503
19511
19514
19542
19545
19546
19550
19553
19555
19557
19567
19569
19576
19578
19579
19580
19581
19583
19584
19586
19587
19588
19589
19591
19596
19601
19604
19605
19606
19613
19616
19617
19619
19620
19621
19626
19627
19628
19631
19634
19636
19637
19641
19644
19646
19650
19652
19661
19662
19667
19672
19674
19676
19677
19681
19683
19685
19686
19687
19688
19689
19690
19691
19695
19699
19701
19703
19708
19710
19712
19713
19716
19717
19718
19719
19722
19723
19724
19725
19726
19727
19728
19730
19731
19733
19734
19735
19736
19737
19739
19740
19742
19747
19749
19750
19752
19753
19755
19756
19757
19759
19760
19763
19764
19765
19766
19767
19768
19769
19771
19773
19777
19783
19794
19796
19797
19798
19800
19806
19808
19811
19815
19816
19818
19821
19823
19825
19839
19842
19844
19846
19848
19852
19866
19867
19868
19869
19882
19884
19885
19887
19891
19893
19895
19897
19898
19899
19901
19902
19903
19905
19906
19907
19910
19911
19913
19914
19915
19920
19923
19932
19933
19937
19944
19945
19947
19949
19950
19952
19953
19955
19956
19960
19961
19963
19965
19966
19967
19968
19969
19974
19975
19981
19982
19983
19991
19992
19995
19997
19998
20004
20005
20007
20008
20009
20017
20018
20021
20022
20023
20024
20028
20030
20031
20034
20035
20036
20037
20039
20040
20041
20044
20045
20046
20047
20051
20052
20056
20058
20059
20064
20065
20076
20085
20087
20102
20111
20112
20115
20120
20121
20137
20138
20139
20140
20152
20154
20155
20157
20161
20166
20168
20177
20183
20185
20188
20201
20207
20209
20210
20211
20212
20215
20223
20226
20227
20228
20231
20240
20242
20244
20251
20252
20253
20254
20258
20262
20266
20267
20268
20269
20270
20274
20276
20279
20280
20290
20298
20299
20300
20301
20304
20308
20309
20311
20315
20317
20320
20322
20324
20326
20332
20334
20335
20336
20337
20351
20353
20356
20363
20364
20365
20367
20368
20370
20371
20372
20375
20379
20380
20382
20383
20384
20387
20389
20395
20396
20397
20399
20400
20401
20405
20411
20414
20416
20417
20419
20422
20424
20428
20432
20433
20434
20435
20437
20439
20441
20442
20446
20448
20449
20450
20452
20453
20454
20456
20458
20459
20460
20462
20463
20478
20481
20482
20496
20497
20501
20503
20504
20511
20514
20516
20517
20518
20519
20521
20522
20523
20525
20528
20529
20532
20535
20536
20540
20541
20543
20546
20547
20548
20550
20551
20553
20559
20564
20567
20568
20584
20585
20586
20587
20588
20591
20592
20593
20595
20597
20600
20602
20603
20604
20608
20609
20623
20624
20626
20630
20631
20633
20634
20635
20636
20637
20639
20642
20643
20644
20646
20647
20649
20651
20671
20674
20675
20679
20680
20681
20682
20684
20685
20686
20689
20690
20691
20695
20701
20702
20718
20720
20723
20725
20726
20729
20732
20733
20735
20737
20738
20740
20742
20746
20747
20748
20749
20752
20754
20755
20757
20761
20762
20763
20767
20768
20769
20771
20772
20773
20774
20776
20777
20778
20780
20783
20787
20793
20794
20798
20799
20800
20802
20803
20810
20812
20814
20816
20818
20819
20825
20826
20827
20828
20829
20831
20835
20836
20837
20839
20840
20842
20845
20846
20847
20849
20850
20852
20874
20882
20883
20890
20893
20908
20936
20937
20938
20939
20943
20945
20947
20948
20949
20950
20952
20954
20962
20972
20976
20980
20986
20991
20995
20996
20997
20998
21003
21004
21021
21024
21026
21027
21028
21036
21052
21053
21067
21070
21071
21076
21078
21084
21085
21086
21089
21094
21097
21099
21101
21103
21108
21110
21112
21113
21115
21119
21125
21127
21129
21130
21133
21134
21136
21137
21141
21142
21143
21144
21146
21149
21152
21154
21156
21158
21164
21165
21168
21170
21172
21174
21180
21181
21182
21185
21189
21191
21194
21195
21199
21200
21203
21204
21206
21209
21210
21212
21213
21215
21217
21219
21220
21221
21231
21232
21233
21235
21244
21246
21248
21249
21251
21263
21271
21278
21279
21280
21283
21286
21293
21294
21296
21299
21302
21303
21304
21305
21307
21308
21309
21310
21313
21314
21317
21320
21321
21323
21324
21325
21326
21327
21329
21332
21333
21334
21347
21348
21349
21350
21351
21352
21353
21359
21363
21373
21377
21380
21382
21386
21387
21388
21389
21390
21392
21393
21400
21403
21405
21408
21409
21410
21412
21413
21416
21418
21419
21420
21423
21424
21426
21427
21429
21434
21435
21439
21441
21442
21445
21446
21448
21450
21452
21454
21457
21459
21460
21465
21468
21469
21471
21472
21473
21476
21477
21478
21479
21490
21492
21498
21499
21500
21502
21503
21574
21577
21578
21596
21641
21652
21657
21661
21669
21670
21676
21678
21700
21714
21740
21741
21742
21752
21753
21754
21756
21774
21780
21781
21785
21803
21805
21807
21809
21812
21824
21826
21830
21831
21837
21839
21842
21843
21846
21847
21850
21852
21857
21866
21882
21885
21890
21894
21895
21899
21911
21914
21920
21922
21927
21929
21930
21931
21932
21937
21938
21947
21948
21949
21951
21952
21954
21955
21957
21960
21963
21964
21965
21966
21967
21968
21971
21972
21974
21978
21979
21983
21986
21988
21989
21990
21991
21992
21993
21994
21995
22008
22014
22017
22023
22025
22026
22029
22030
22039
22046
22049
22054
22056
22057
22063
22064
22066
22067
22069
22076
22082
22085
22086
22093
22094
22095
22097
22117
22118
22129
22132
22134
22143
22145
22146
22147
22148
22149
22151
22155
22157
22170
22172
22177
22194
22199
22205
22206
22210
22212
22214
22215
22219
22221
22222
22223
22226
22230
22238
22239
22240
22248
22250
22253
22255
22272
22273
22274
22275
22282
22283
22284
22289
22293
22295
22303
22304
22305
22306
22307
22308
22313
22341
22362
22365
22371
22373
22402
22403
22404
22405
22408
22410
22420
22428
22429
22450
22452
22458
22462
22463
22470
22471
22474
22475
22477
22479
22481
22486
22488
22489
22491
22497
22499
22500
22501
22502
22505
22508
22510
22512
22614
22615
22616
22617
22618
22620
22621
22622
22624
22625
22626
22627
22628
22632
22633
22634
22635
22637
22646
22653
22656
22657
22658
22659
22661
22662
22665
22680
22683
22685
22692
22694
22697
22698
22700
22703
22704
22705
22709
22717
22726
22728
22729
22732
22734
22740
22743
22744
22747
22750
22751
22752
22753
22755
22758
22759
22761
22763
22767
22768
22769
22773
22774
22777
22780
22781
22782
22785
22786
22787
22789
22790
22791
22792
22801
22821
22822
22823
22836
22844
22846
22847
22848
22849
22853
22855
22857
22866
22875
22876
22877
22878
22880
22883
22884
22885
22886
22888
22891
22896
22907
22912
22919
22929
22934
22935
22938
22939
22942
22946
22947
22954
22955
22957
22958
22961
22968
22970
22971
22976
22980
22982
22984
22985
22986
22991
22992
22993
22995
22998
22999
23000
23002
23003
23004
23005
23006
23011
23012
23013
23016
23019
23022
23025
23027
23028
23031
23035
23039
23040
23041
23048
23052
23055
23056
23057
23058
23059
23060
23061
23063
23065
23066
23068
23069
23070
23071
23072
23073
23074
23077
23079
23093
23125
23131
23147
23154
23156
23160
23165
23168
23173
23180
23187
23197
23198
23211
23215
23221
23222
23228
23234
23282
23300
23308
23309
23314
23316
23317
23330
23335
23337
23346
23354
23357
23370
23372
23375
23378
23379
23383
23384
23385
23386
23393
23394
23396
23401
23407
23408
23421
23425
23433
23448
23449
23453
23454
23457
23462
23463
23466
23472
23474
23476
23482
23490
23494
23496
23497
23506
23508
23510
23511
23513
23514
23516
23517
23518
23520
23522
23523
23524
23525
23527
23528
23529
23530
23531
23532
23533
23537
23539
23543
23544
23547
23549
23551
23553
23554
23559
23560
23574
23576
23606
23619
23620
23624
23629
23633
23635
23636
23642
23643
23656
23661
23662
23666
23674
23678
23685
23689
23690
23693
23694
23699
23700
23702
23709
23710
23712
23715
23720
23721
23725
23726
23727
23729
23732
23733
23740
23744
23745
23748
23752
23754
23756
23758
23760
23761
23763
23764
23770
23771
23774
23775
23779
23781
23784
23788
23791
23796
23798
23802
23805
23806
23809
23811
23813
23814
23817
23820
23824
23825
23826
23828
23829
23830
23833
23834
23835
23837
23839
23873
23924
23934
23950
23962
23968
23969
23971
23972
23983
23988
23990
23992
23994
23998
24002
24003
24006
24026
24032
24034
24035
24037
24042
24043
24044
24046
24048
24049
24055
24056
24065
24071
24073
24074
24075
24076
24079
24080
24088
24091
24092
24098
24099
24100
24101
24102
24108
24110
24112
24115
24116
24123
24125
24137
24138
24139
24140
24142
24145
24150
24154
24166
24171
24173
24174
24175
24176
24181
24187
24188
24190
24195
24197
24198
24200
24202
24204
24207
24208
24210
24213
24215
24216
24217
24218
24220
24228
24230
24232
24233
24235
24236
24237
24239
24241
24243
24244
24246
24252
24255
24257
24259
24260
24262
24264
24266
24269
24271
24274
24275
24281
24282
24286
24288
24289
24290
24293
24297
24303
24312
24313
24315
24317
24319
24320
24325
24327
24334
24337
24338
24339
24341
24343
24354
24359
24361
24362
24366
24369
24370
24371
24372
24378
24379
24380
24388
24390
24391
24393
24395
24396
24401
24402
24405
24406
24407
24408
24411
24412
24413
24415
24417
24418
24420
24421
24422
24423
24424
24426
24427
24428
24429
24430
24432
24437
24438
24439
24441
24442
24443
24445
24447
24452
24453
24454
24455
24456
24457
24460
24461
24462
24463
24464
24465
24470
24478
24479
24480
24481
24483
24487
24488
24489
24490
24493
24497
24499
24500
24501
24503
24504
24505
24506
24507
24509
24510
24511
24512
24513
24514
24515
24516
24518
24523
24528
24529
24530
24531
24532
24533
24555
24557
24559
24568
24569
24577
24585
24589
24592
24593
24602
24606
24609
24625
24633
24636
24637
24638
24639
24643
24644
24650
24656
24657
24661
24667
24671
24673
24675
24676
24677
24682
24683
24684
24688
24709
24714
24716
24723
24725
24728
24733
24734
24735
24736
24737
24743
24744
24745
24746
24747
24749
24750
24758
24759
24761
24762
24763
24764
24765
24766
24767
24768
24769
24771
24772
24776
24780
24784
24791
24792
24798
24799
24800
24801
24811
24814
24816
24818
24819
24820
24821
24822
24824
24828
24829
24831
24833
24834
24838
24839
24840
24843
24847
24873
28706
28707
28709
28712
28738
28749
28755
28756
28757
28759
28760
28765
28770
28772
28775
28783
28784
28785
28806
28812
28822
28823
28834
28838
28839
28852
28865
28867
28868
28869
28870
28871
28875
28879
28881
28882
28883
28890
28892
28902
28911
28913
28939
28940
28943
28959
28960
28980
29013
29014
29016
29018
29019
29031
29039
29051
29061
29066
29072
29093
29102
29103
29105
29109
29110
29114
29126
29127
29129
29132
29134
29135
29138
29142
29147
29149
29153
29157
29158
29162
29165
29168
29173
29174
29176
29177
29179
29181
29183
29185
29189
29190
29202
29222
29272
29299
29312
29313
29324
29329
29335
29358
29375
29389
29394
29408
29415
29427
29429
29438
29444
29453
29483
29489
29490
29493
29496
29544
29550
29559
29563
29565
29567
29578
29581
29582
29583
29592
29599
29605
29616
29617
29619
29628
29631
29632
29633
29644
29646
29647
29650
29651
29652
29658
29660
29663
29668
29673
29675
29679
29681
29682
29686
29690
29692
29701
29712
29715
29723
29727
29729
29734
29735
29736
29739
29740
29743
29744
29745
29746
29748
29749
29761
29765
29767
29768
29769
29775
29776
29777
29795
29799
29808
29811
29847
29861
29867
29873
29874
29876
29896
29901
29904
29909
29919
29920
29921
29930
29960
29972
29973
29974
29987
29992
29996
29997
29999
30001
30003
30008
30016
30018
30020
30021
30023
30024
30025
30029
30050
30051
30053
30055
30068
30072
30075
30078
30080
30085
30090
30093
30094
30095
30103
30105
30106
30108
30110
30111
30112
30132
30138
30152
30158
30160
30161
30170
30171
30175
30176
30193
30195
30216
30223
30226
30231
30233
30239
30251
30260
30264
30266
30267
30268
30270
30276
30280
30281
30285
30286
30291
30293
30303
30304
30339
30342
30345
30356
30364
30376
30377
30378
30405
30415
30424
30429
30431
30452
30455
30456
30462
30463
30469
30472
30486
30489
30490
30491
30503
30505
30514
30515
30516
30520
30524
30525
30530
30534
30535
30539
30541
30551
30557
30562
30563
30571
30575
30576
30577
30578
30579
30580
30581
30582
30583
30586
30587
30588
30590
30592
30593
30613
30616
30617
30620
30623
30624
30625
30630
30634
30635
30638
30651
30667
30669
30676
30679
30684
30685
30691
30694
30702
30703
30710
30711
30714
30715
30717
30718
30719
30720
30722
30731
30736
30738
30742
30743
30744
30751
30754
30763
30764
30765
30766
30769
30771
30772
30774
30775
30780
30784
30789
30794
30798
30799
30802
30804
30830
30832
30834
30835
30847
30849
30869
30870
30873
30874
30879
30886
30891
30892
30893
30899
30905
30908
30910
30912
30919
30929
30933
30945
30949
30959
30961
30963
30972
30978
30979
30990
30991
30997
31001
31002
31009
31011
31012
31014
31018
31033
31044
31051
31054
31057
31070
31075
31076
31083
31086
31088
31093
31094
31110
31113
31115
31120
31122
31123
31127
31128
31131
31141
31144
31145
31147
31148
31168
31171
31177
31180
31181
31186
31191
31192
31194
31195
31203
31205
31218
31219
31220
31224
31225
31228
31229
31232
31233
31234
31235
31240
31243
31244
31246
31265
31292
31308
31315
31338
31342
31378
31379
31390
31397
31399
31402
31405
31480
31485
31491
31514
31516
31519
31520
31525
31536
31543
31545
31548
31551
31553
31554
31568
31570
31594
31596
31605
31615
31621
31622
31624
31625
31633
31647
31650
31651
31660
31661
31664
31665
31666
31668
31669
31670
31749
31756
31757
31765
31767
31768
31769
31770
31771
31773
31774
31776
31778
31779
31781
31783
31784
31786
31787
31788
31789
31790
31797
31799
31804
31805
31806
31807
31811
31813
31815
31816
31817
31818
31820
31823
31824
31834
31836
31838
31840
31841
31842
31847
31849
31850
31852
31853
31855
31857
31858
31859
31860
31862
31863
31870
31875
31876
31881
31882
31886
31889
31907
31912
31931
31933
31934
31936
31939
31940
31941
31946
31947
31948
31950
31951
31952
31957
31958
31961
31963
31966
31967
31968
31980
31981
31983
31993
31994
31995
31997
31998
32010
32012
32027
32029
32030
32033
32035
32036
32037
32038
32040
32043
32044
32048
32053
32054
32057
32065
32069
32070
32072
32073
32075
32080
32132
32135
32136
32137
32138
32144
32145
32148
32149
32153
32156
32163
32167
32168
32169
32174
32176
32181
32184
32185
32188
32192
32193
32199
32200
32201
32203
32204
32207
32209
32211
32218
32225
32226
32227
32228
32230
32232
32235
32236
32238
32240
32241
32243
32245
32247
32252
32254
32255
32267
32268
32272
32277
32285
32297
32299
32300
32302
32305
32308
32311
32321
32324
32333
32335
32344
32345
32347
32354
32357
32359
32361
32390
32391
32396
32407
32427
32451
32465
32477
32487
32496
32500
32516
32546
32562
32570
32582
32601
32607
32614
32615
32619
32621
32644
32648
32656
32658
32668
32671
32683
32691
32693
32699
32716
32718
32752
32753
32757
32760
32762
32765
32768
32769
32771
32773
32774
32775
32779
32781
32782
32783
32786
32796
32797
32799
32800
32814
32815
32818
32819
32824
32825
32826
32829
32832
32833
32854
32855
32858
32859
32861
32864
32867
32870
32872
32873
32876
32882
32886
32890
32892
32895
32898
32900
32901
32905
32906
32908
32909
32912
32914
32916
32918
32919
32921
32932
32935
32937
32939
32944
32947
32949
32960
32967
32980
32989
32990
32993
32994
33004
33005
33006
33013
33017
33020
33026
33027
33035
33041
33042
33043
33045
33046
33047
33048
33049
33051
33062
33063
33065
33066
33072
33073
33075
33078
33079
33082
33086
33099
33101
33106
33107
33108
33109
33111
33118
33119
33126
33130
33133
33134
33136
33137
33138
33139
33141
33149
33151
33155
33162
33163
33166
33169
33174
33175
33176
33177
33182
33186
33190
33193
33194
33196
33198
33199
33201
33202
33204
33205
33210
33213
33214
33216
33217
33218
33219
33220
33221
33224
33225
33226
33228
33230
33231
33232
33233
33234
33237
33239
33245
33246
33251
33252
33283
33285
33304
33310
33313
33315
33322
33369
33370
33372
33378
33379
33393
33397
33406
33408
33409
33414
33417
33423
33431
33436
33442
33448
33462
33464
33500
33501
33502
33539
33540
33544
33548
33558
33579
33581
33582
33583
33584
33586
33587
33590
33597
33610
33624
33625
33628
33629
33632
33648
33651
33653
33656
33671
33684
33707
33710
33725
33726
33727
33729
33737
33739
33747
33753
33755
33760
33761
33769
33779
33780
33781
33791
33821
33822
33824
33832
33835
33836
33837
33838
33841
33842
33844
33853
33854
33861
33865
33872
33873
33874
33889
33891
33892
33894
33897
33903
33919
33921
33923
33926
33927
33929
33933
33948
33951
33954
33955
33956
33957
33970
33978
33979
34000
34001
34002
34004
34005
34008
34009
34010
34012
34014
34015
34016
34017
34019
34020
34023
34025
34026
34028
34029
34031
34037
34042
34046
34047
34092
34097
34102
34105
34114
34115
34118
34120
34128
34135
34137
34142
34175
34176
34179
34180
34184
34190
34193
34202
34206
34207
34214
34217
34221
34222
34224
34241
34245
34246
34256
34259
34260
34263
34268
34269
34275
34278
34280
34281
34286
34287
34301
34305
34306
34307
34310
34314
34315
34318
34323
34324
34330
34333
34341
34355
34358
34359
34364
34368
34372
34384
34387
34390
34392
34411
34412
34418
34420
34427
34431
34434
34444
34447
34453
34466
34469
34470
34472
34473
34474
34476
34480
34483
34491
34498
34499
34504
34505
34532
34538
34546
34547
34548
34549
34550
34557
34558
34559
34561
34563
34573
34588
34589
34590
34612
34622
34629
34646
34648
34649
34654
34659
34663
34665
34666
34703
34711
34727
34735
34773
34774
34778
34779
34785
34788
34789
34790
34807
34814
34817
34818
34823
34832
34837
34851
34853
34863
34864
34867
34875
34877
34883
34889
34891
34893
34896
34897
34899
34900
34906
34908
34909
34911
34926
34932
34938
34940
34948
34954
34957
34966
34969
34978
34983
34994
34997
34999
35001
35007
35008
35010
35018
35019
35021
35024
35035
35037
35042
35045
35048
35050
35060
35064
35070
35072
35074
35078
35087
35088
35091
35094
35097
35100
35111
35112
35121
35124
35127
35137
35138
35139
35144
35145
35146
35147
35153
35156
35157
35159
35160
35164
35165
35169
35170
35171
35173
35175
35176
35183
35184
35189
35190
35200
35202
35204
35206
35211
35218
35227
35228
35232
35235
35237
35239
35240
35242
35244
35247
35313
35320
35323
35326
35334
35345
35349
35351
35354
35356
35368
35400
35411
35418
35430
35456
35458
35473
35479
35487
35499
35504
35506
35507
35509
35512
35513
35527
35530
35571
35603
35606
35607
35611
35618
35620
35639
35640
35641
35646
35653
35655
35658
35661
35663
35687
35690
35696
35727
35730
35738
35741
35742
35743
35748
35750
35752
35754
35756
35758
35761
35762
35763
35766
35769
35770
35772
35775
35777
35778
35780
35784
35788
35791
35795
35797
35805
35806
35811
35812
35813
35814
35818
35847
35848
35853
35854
35856
35857
35859
35861
35862
35863
35865
35866
35870
35885
35889
35890
35892
35895
35896
35899
35903
35905
35906
35910
35911
35914
35916
35917
35918
35919
35922
35925
35927
35929
35932
35935
35936
35943
35949
35952
35972
36007
36020
36028
36033
36037
36039
36040
36041
36042
36054
36060
36061
36065
36066
36073
36079
36084
36085
36143
36146
36149
36150
36158
36165
36169
36170
36181
36186
36187
36193
36195
36199
36202
36203
36205
36214
36215
36222
36224
36228
36230
36233
36235
36236
36239
36247
36253
36254
36255
36256
36262
36268
36292
36296
36299
36301
36313
36317
36351
36357
36364
36405
36412
36429
36446
36447
36448
36449
36453
36459
36470
36471
36477
36483
36489
36496
36516
36526
36527
36529
36530
36536
36538
36539
36540
36545
36547
36553
36557
36558
36572
36575
36578
36581
36583
36589
36607
36610
36634
36652
36653
36668
36669
36680
36681
36682
36687
36690
36693
36697
36717
36726
36730
36742
36745
36746
36749
36754
36756
36760
36768
36773
36775
36776
36778
36779
36780
36783
36784
36785
36796
36800
36802
36805
36809
36812
36813
36817
36818
36819
36822
36823
36824
36827
36829
36832
36833
36841
36843
36845
36846
36851
36856
36860
36862
36866
36871
36872
36873
36874
36879
36880
36920
36921
36922
36947
36948
36949
36961
36976
36981
36989
36993
36994
36998
37007
37009
37020
37022
37032
37042
37050
37053
37059
37069
37070
37072
37081
37100
37115
37119
37122
37130
37133
37134
37136
37138
37139
37140
37142
37149
37150
37151
37153
37158
37168
37172
37191
37199
37200
37204
37205
37209
37212
37214
37219
37220
37224
37226
37230
37231
37232
37238
37264
37265
37269
37283
37294
37295
37298
37323
37324
37325
37330
37332
37339
37340
37341
37344
37347
37350
37352
37358
37374
37376
37377
37384
37396
37397
37399
37400
37401
37402
37406
37410
37411
37414
37417
37423
37426
37427
37428
37432
37434
37435
37437
37440
37441
37443
37445
37448
37451
37454
37455
37471
37498
37499
37500
37503
37508
37524
37525
37529
37530
37545
37551
37552
37558
37563
37568
37576
37580
37583
37594
37595
37596
37611
37613
37616
37633
37634
37635
37636
37639
37643
37644
37648
37651
37652
37655
37685
37690
37693
37695
37696
37697
37706
37715
37720
37722
37734
37736
37739
37745
37747
37750
37754
37757
37759
37760
37762
37763
37767
37774
37779
37783
37787
37801
37802
37803
37807
37808
37809
37810
37811
37812
37824
37825
37829
37833
37835
37842
37849
37852
37864
37865
37878
37882
37892
37893
37917
37927
37939
37946
37952
37959
37963
37968
37973
37974
37978
37996
37997
37998
38000
38001
38005
38010
38011
38012
38016
38020
38028
38036
38038
38040
38053
38056
38060
38064
38065
38078
38079
38080
38082
38088
38090
38092
38095
38105
38109
38110
38120
38125
38131
38132
38134
38135
38145
38146
38147
38150
38151
38152
38153
38154
38155
38162
38166
38168
38170
38175
38176
38178
38181
38183
38184
38188
38189
38193
38198
38212
38222
38227
38228
38229
38235
38247
38260
38264
38278
38283
38290
38292
38298
38301
38324
38325
38351
38353
38365
38367
38372
38393
38399
38401
38406
38409
38423
38424
38425
38435
38438
38440
38449
38451
38464
38474
38476
38477
38537
38590
38620
38623
38626
38628
38629
38630
38637
38655
38656
38658
38661
38664
38665
38666
38667
38670
38677
38678
38681
38687
38688
38700
38715
38721
38722
38724
38725
38726
38729
38732
38734
38736
38739
38740
38741
38743
38760
38763
38765
38791
38792
38794
38795
38796
38801
38807
38809
38812
38824
38828
38832
38836
38852
38853
38855
38856
38857
38859
38865
38866
38868
38871
38876
38881
38883
38892
38894
38897
38909
38914
38916
38919
38920
38922
38932
38939
38950
38951
38955
38958
38959
38962
38963
38965
38967
38969
38971
38972
38975
38976
38977
38979
38981
38982
38989
38990
38993
38995
38996
38999
39001
39002
39007
39015
39018
39035
39044
39059
39061
39062
39068
39070
39072
39082
39090
39095
39097
39098
39099
39100
39103
39107
39109
39111
39113
39115
39124
39127
39133
39141
39142
39143
39148
39161
39163
39169
39173
39174
39175
39177
39183
39184
39188
39192
39194
39196
39198
39199
39200
39204
39213
39220
39223
39224
39225
39236
39245
39247
39281
39296
39301
39304
39305
39308
39311
39313
39315
39317
39321
39333
39337
39341
39347
39353
39355
39361
39367
39369
39370
39378
39388
39389
39391
39393
39398
39401
39403
39404
39407
39409
39412
39413
39420
39422
39424
39425
39471
39480
39483
39510
39511
39512
39521
39528
39533
39536
39539
39542
39554
39563
39574
39580
39600
39602
39603
39644
39647
39648
39656
39666
39670
39674
39736
39794
39802
39810
39812
39818
39821
39839
39844
39849
39850
39851
39865
39867
39869
39870
39873
39879
39884
39886
39891
39893
39898
39901
39905
39910
39917
39919
39928
39933
39936
39941
39942
39949
39951
39953
39955
39956
39957
39958
39959
39960
39964
39966
39968
39972
39973
39978
39983
39984
39985
39986
39989
39990
39991
39994
39996
40000
40015
40017
40019
40024
40026
40028
40032
40033
40035
40038
40039
40040
40041
40042
40043
40045
40047
40048
40050
40051
40052
40054
40055
40056
40057
40059
40067
40071
40078
40080
40081
40083
40084
40085
40086
40087
40089
40091
40092
40094
40095
40096
40123
40125
40126
40130
40131
40132
40136
40165
40168
40169
40172
40178
40179
40180
40190
40192
40211
40215
40216
40217
40219
40220
40221
40227
40229
40232
40233
40238
40248
40249
40259
40266
40269
40275
40276
40277
40278
40308
40310
40319
40322
40333
40336
40337
40340
40344
40346
40349
40350
40351
40352
40354
40356
40361
40362
40364
40365
40367
40372
40374
40375
40376
40377
40378
40379
40384
40404
40416
40429
40432
40434
40435
40444
40445
40453
40457
40458
40460
40463
40469
40470
40473
40474
40493
40496
40500
40503
40509
40510
40519
40529
40532
40537
40539
40540
40542
40545
40564
40565
40576
40578
40606
40627
40637
40639
40640
40642
40643
40644
40645
40653
40656
40658
40662
40665
40667
40671
40672
40673
40676
40678
40679
40682
40689
40695
40697
40698
40708
40710
40722
40723
40730
40731
40733
40735
40737
40738
40741
40743
40744
40747
40749
40754
40755
40758
40759
40760
40764
40772
40779
40780
40784
40786
40787
40789
40792
40796
40800
40801
40802
40808
40811
40813
40822
40827
40829
40831
40833
40834
40837
40844
40846
40847
40855
40857
40858
40860
40861
40862
40863
40864
40867
40868
40869
40870
40871
40876
40877
40885
40887
40888
40889
40893
40900
40914
40915
40916
40919
40922
40924
40925
40926
40927
40928
40930
40931
40933
40934
40935
40936
40937
40939
40946
40948
40949
40952
40953
40954
40958
40959
40960
40961
40962
40971
40972
40973
40974
40975
40976
40977
40981
40983
40987
41007
41008
41010
41011
41024
41026
41036
41037
41041
41046
41049
41056
41059
41062
41065
41066
41067
41069
41084
41085
41088
41089
41094
41102
41123
41128
41129
41131
41132
41133
41136
41138
41139
41148
41149
41150
41152
41154
41155
41165
41172
41174
41175
41176
41177
41178
41180
41181
41183
41184
41185
41189
41211
41213
41214
41215
41216
41217
41218
41226
41233
41239
41245
41249
41256
41258
41260
41261
41262
41265
41270
41271
41272
41278
41279
41281
41287
41288
41289
41291
41292
41294
41298
41302
41303
41309
41310
41314
41316
41317
41319
41323
41324
41325
41327
41329
41330
41332
41333
41336
41338
41339
41340
41342
41344
41345
41346
41350
41351
41353
41355
41356
41361
41362
41366
41367
41370
41371
41372
41374
41380
41381
41389
41390
41392
41394
41399
41400
41402
41404
41407
41409
41410
41411
41412
41440
41441
41452
41459
41461
41462
41463
41474
41520
41523
41532
41533
41537
41542
41543
41576
41582
41586
41593
41599
41608
41610
41618
41640
41714
41730
41731
41747
41748
41756
41759
41771
41772
41791
41792
41809
41811
41818
41823
41830
41831
41833
41842
41849
41858
41863
41874
41884
41900
41901
41906
41917
41923
41948
41950
41952
41953
41955
41958
41959
41960
41961
41962
41964
41966
41968
41970
41972
41973
41977
41978
41979
41980
41981
41984
41988
41989
41990
41992
41994
41995
42001
42002
42004
42008
42011
42012
42013
42014
42015
42017
42019
42020
42022
42023
42024
42025
42026
42027
42028
42029
42030
42032
42033
42035
42036
42037
42039
42041
42042
42044
42062
42064
42074
42087
42088
42090
42096
42097
42098
42100
42109
42124
42130
42131
42137
42140
42141
42142
42145
42152
42159
42161
42167
42173
42178
42185
42187
42193
42195
42197
42199
42201
42202
42203
42212
42219
42222
42225
42227
42230
42231
42234
42236
42238
42239
42241
42259
42260
42265
42266
42267
42269
42286
42293
42294
42299
42306
42308
42309
42312
42313
42320
42322
42325
42327
42331
42334
42335
42337
42339
42346
42349
42354
42355
42364
42370
42375
42380
42381
42383
42384
42389
42391
42392
42402
42403
42409
42411
42413
42414
42417
42419
42420
42427
42428
42429
42431
42433
42434
42437
42438
42439
42440
42441
42447
42452
42453
42458
42462
42465
42467
42469
42470
42472
42483
42485
42497
42502
42503
42507
42509
42516
42521
42532
42533
42537
42539
42542
42549
42552
42558
42560
42586
42587
42588
42589
42591
42592
42593
42599
42600
42606
42607
42608
42610
42626
42664
42666
42677
42678
42685
42692
42693
42695
42696
42700
42706
42708
42710
42717
42719
42728
42735
42743
42752
42759
42761
42762
42763
42768
42770
42773
42788
42792
42799
42803
42815
42816
42821
42822
42824
42837
42843
42846
42850
42853
42854
42855
42857
42862
42865
42866
42869
42870
42871
42872
42873
42874
42881
42882
42883
42884
42885
42886
42887
42891
42893
42895
42897
42902
42905
42909
42910
42916
42918
42921
42922
42925
42935
42936
42939
42946
42948
42952
42953
42954
42956
42958
42960
42961
42963
42969
42970
42981
42983
42984
42985
42991
42992
42993
42995
43002
43009
43012
43018
43030
43038
43042
43053
43057
43063
43078
43081
43085
43086
43090
43093
43097
43099
43109
43110
43113
43118
43119
43127
43132
43158
43162
43166
43188
43193
43194
43197
43199
43207
43208
43210
43212
43213
43216
43223
43231
43232
43239
43240
43242
43255
43261
43262
43266
43268
43269
43270
43271
43275
43277
43282
43287
43289
43297
43298
43308
43310
43312
43327
43331
43333
43335
43336
43357
43363
43364
43365
43372
43375
43377
43378
43379
43380
43384
43385
43386
43388
43391
43394
43403
43409
43414
43416
43417
43418
43419
43420
43423
43436
43437
43438
43478
43490
43497
43523
43564
43580
43584
43589
43636
43637
43638
43649
43670
43675
43684
43693
43717
43727
43732
43737
43747
43784
43785
43794
43795
43865
43867
43871
43872
43884
43889
43893
43898
43902
43903
43917
43920
43921
43923
43928
43937
43947
43948
43950
43962
43963
43970
43983
43985
43991
43994
43996
43997
43998
44002
44005
44013
44019
44023
44028
44039
44046
44048
44049
44050
44059
44066
44067
44076
44080
44081
44085
44088
44110
44122
44132
44149
44166
44173
44189
44207
44211
44223
44224
44232
44242
44247
44253
44261
44276
44280
44285
44286
44289
44290
44302
44303
44307
44309
44317
44318
44319
44320
44321
44326
44328
44334
44335
44336
44340
44348
44352
44353
44357
44359
44360
44361
44362
44364
44373
44374
44383
44385
44386
44389
44394
44400
44416
44419
44428
44432
44437
44444
44447
44449
44453
44455
44457
44459
44460
44467
44475
44484
44491
44493
44495
44504
44506
44519
44522
44526
44537
44553
44562
44574
44577
44578
44582
44584
44585
44587
44619
44629
44631
44653
44654
44655
44672
44673
44684
44692
44693
44694
44698
44701
44705
44708
44711
44712
44713
44721
44726
44731
44748
44758
44760
44767
44768
44769
44776
44788
44790
44791
44797
44798
44799
44802
44803
44804
44806
44807
44809
44810
44814
44819
44821
44826
44827
44829
44837
44839
44842
44846
44853
44856
44867
44897
44898
44899
44900
44902
44903
44904
44910
44911
44916
44919
44921
44922
44923
44924
44929
44935
44947
44949
44957
44961
44962
44963
44964
44966
44967
44973
44974
44981
44985
44986
44998
44999
45006
45008
45009
45010
45012
45016
45019
45036
45046
45047
45048
45049
45053
45055
45058
45059
45060
45066
45071
45073
45074
45075
45077
45079
45083
45086
45087
45088
45089
45096
45101
45102
45104
45105
45107
45111
45112
45114
45125
45126
45129
45134
45136
45138
45140
45141
45155
45156
45173
45176
45208
45211
45233
45242
45243
45247
45248
45255
45256
45259
45260
45268
45286
45287
45289
45290
45291
45293
45294
45304
45312
45313
45317
45318
45323
45324
45341
45347
45348
45353
45354
45355
45375
45376
45379
45383
45385
45389
45391
45397
45399
45420
45421
45426
45430
45435
45441
45442
45444
45450
45451
45452
45455
45462
45468
45471
45477
45487
45491
45492
45493
45504
45507
45526
45530
45537
45539
45548
45550
45552
45557
45558
45563
45564
45565
45568
45575
45576
45577
45586
45588
45590
45603
45605
45612
45619
45621
45625
45627
45630
45631
45636
45640
45642
45643
45661
45665
45667
45678
45693
45698
45700
45729
45769
45792
45793
45802
45819
45822
45823
45825
45828
45831
45857
45864
45869
45870
45874
45875
45891
45905
45912
45918
45926
45939
45943
45945
45970
45973
45993
45995
45998
45999
46002
46004
46014
46017
46022
46028
46035
46036
46040
46050
46051
46054
46057
46058
46078
46087
46088
46089
46090
46092
46093
46097
46100
46101
46111
46112
46115
46122
46128
46130
46131
46132
46144
46146
46149
46153
46162
46164
46165
46166
46167
46171
46172
46173
46174
46177
46179
46181
46183
46184
46187
46191
46195
46197
46198
46199
46201
46202
46203
46204
46215
46217
46219
46220
46221
46229
46230
46234
46236
46237
46238
46239
46244
46248
46249
46250
46251
46252
46260
46261
46263
46265
46267
46268
46272
46277
46278
46281
46283
46285
46286
46287
46288
46291
46296
46298
46301
46302
46303
46304
46312
46319
46320
46329
46331
46334
46335
46336
46337
46340
46341
46343
46352
46354
46356
46363
46365
46369
46386
46395
46396
46397
46401
46402
46404
46410
46416
46417
46418
46419
46427
46428
46429
46435
46438
46446
46447
46448
46449
46450
46451
46454
46459
46460
46477
46482
46483
46488
46489
46492
46512
46517
46521
46524
46525
46538
46541
46548
46549
46551
46560
46561
46563
46564
46565
46568
46570
46572
46575
46584
46585
46589
46591
46592
46596
46600
46601
46606
46607
46610
46611
46612
46613
46615
46616
46622
46623
46628
46629
46630
46641
46642
46644
46647
46648
46649
46651
46652
46653
46655
46657
46658
46660
46661
46662
46664
46666
46670
46672
46673
46675
46676
46678
46679
46680
46722
46723
46730
46770
46789
46793
46806
46819
46824
46831
46832
46851
46852
46853
46863
46877
46890
46914
46975
46991
47004
47010
47022
47049
47052
47063
47140
47145
47161
47164
47172
47184
47194
47195
47199
47208
47211
47221
47223
47224
47240
47243
47248
47253
47257
47263
47266
47272
47273
47283
47285
47287
47290
47291
47293
47301
47302
47304
47313
47324
47326
47330
47333
47336
47339
47347
47350
47356
47357
47358
47361
47366
47395
47407
47408
47410
47415
47418
47433
47434
47443
47460
47462
47465
47466
47469
47478
47496
47499
47501
47504
47521
47522
47526
47535
47537
47540
47541
47543
47545
47548
47563
47590
47596
47597
47598
47604
47606
47607
47610
47616
47687
47692
47694
47699
47703
47705
47708
47709
47711
47714
47717
47718
47722
47723
47739
47744
47747
47764
47780
47782
47791
47801
47851
47869
47873
47875
47886
47912
47926
47927
47959
47967
47975
47976
47980
47982
47985
47987
48005
48009
48020
48030
48032
48034
48037
48039
48046
48056
48057
48065
48083
48086
48093
48103
48117
48123
48125
48126
48133
48138
48141
48144
48153
48154
48161
48163
48165
48168
48169
48173
48175
48177
48180
48199
48200
48202
48203
48205
48206
48207
48213
48214
48220
48223
48234
48237
48240
48247
48248
48250
48256
48257
48259
48265
48266
48274
48278
48281
48283
48284
48295
48299
48302
48304
48307
48308
48311
48312
48314
48316
48318
48323
48324
48362
48371
48374
48380
48406
48407
48428
48432
48433
48437
48440
48441
48448
48455
48459
48460
48462
48465
48466
48467
48469
48480
48487
48503
48511
48515
48525
48526
48536
48541
48546
48548
48549
48550
48552
48553
48554
48558
48562
48565
48566
48567
48569
48575
48576
48578
48584
48585
48588
48589
48591
48592
48593
48597
48598
48600
48601
48609
48610
48611
48612
48618
48620
48626
48628
48631
48632
48638
48639
48641
48642
48643
48646
48655
48659
48660
48662
48663
48666
48668
48670
48705
48715
48730
48758
48765
48766
48790
48795
48806
48812
48814
48815
48816
48818
48822
48828
48830
48833
48835
48836
48839
48840
48841
48843
48844
48846
48847
48853
48854
48856
48859
48860
48872
48881
48883
48885
48888
48889
48890
48891
48893
48894
48896
48898
48902
48905
48908
48909
48910
48911
48912
48914
48917
48924
48929
48930
48931
48933
48935
48937
48945
48946
48947
48949
48952
48953
48955
48965
48966
48968
48971
48994
48996
48997
48999
49001
49003
49009
49010
49011
49012
49013
49014
49015
49018
49026
49028
49029
49030
49033
49034
49037
49038
49053
49054
49071
49073
49076
49082
49089
49090
49091
49102
49103
49105
49106
49107
49109
49110
49121
49122
49124
49125
49127
49128
49130
49138
49140
49141
49143
49151
49155
49159
49160
49163
49164
49172
49178
49193
49194
49195
49197
49212
49213
49240
49241
49245
49249
49252
49260
49269
49278
49279
49281
49282
49283
49284
49287
49289
49294
49295
49298
49299
49302
49309
49310
49312
49317
49321
49323
49327
49328
49339
49342
49345
49346
49347
49350
49351
49352
49354
49355
49356
49357
49360
49362
49364
49365
49366
49369
49370
49371
49374
49375
49380
49381
49383
49386
49388
49391
49392
49393
49395
49396
49397
49401
49402
49404
49405
49408
49409
49413
49414
49415
49417
49418
49419
49423
49426
49428
49429
49430
49435
49443
49484
49486
49504
49514
49525
49526
49530
49540
49541
49548
49562
49583
49591
49596
49600
49601
49607
49611
49616
49622
49625
49633
49634
49639
49641
49642
49674
49681
49698
49701
49704
49706
49707
49710
49714
49716
49719
49727
49733
49736
49751
49762
49763
49773
49777
49779
49782
49783
49785
49787
49789
49790
49792
49816
49818
49824
49826
49828
49840
49844
49845
49846
49849
49850
49853
49854
49855
49856
49859
49869
49872
49873
49876
49879
49880
49883
49890
49893
49896
49897
49898
49904
49905
49907
49908
49910
49911
49912
49914
49917
49918
49919
49921
49922
49923
49929
49933
49936
49937
49938
49947
49948
49949
49960
49962
49964
49965
49967
49969
49970
49971
49973
49975
49976
49977
49979
49981
49986
49989
49999
50000
50001
50010
50011
50015
50016
50025
50034
50036
50038
50042
50044
50048
50049
50050
50053
50054
50063
50064
50065
50067
50068
50069
50074
50077
50082
50087
50092
50097
50099
50102
50105
50112
50113
50125
50143
50145
50146
50149
50152
50154
50164
50166
50172
50179
50194
50199
50204
50223
50224
50227
50231
50233
50234
50244
50252
50253
50255
50259
50264
50266
50267
50270
50271
50273
50275
50276
50277
50278
50279
50285
50289
50294
50301
50304
50308
50310
50312
50313
50314
50316
50317
50322
50323
50324
50326
50327
50329
50332
50378
50379
50388
50390
50400
50409
50413
50424
50428
50436
50438
50467
50470
50473
50476
50490
50496
50510
50518
50519
50520
50527
50541
50547
50551
50558
50561
50563
50567
50574
50576
50592
50596
50598
50611
50612
50617
50622
50631
50656
50660
50663
50664
50665
50670
50673
50674
50675
50676
50678
50690
50697
50699
50709
50713
50722
50723
50724
50725
50726
50728
50734
50737
50745
50746
50750
50761
50765
50768
50793
50795
50797
50806
50810
50813
50814
50816
50818
50821
50829
50830
50832
50833
50836
50839
50841
50842
50844
50845
50846
50849
50852
50860
50864
50870
50871
50872
50873
50875
50877
50879
50881
50882
50884
50886
50888
50889
50890
50891
50892
50894
50895
50896
50897
50900
50901
50902
50905
50909
50943
50947
50962
50973
50976
50990
50991
50999
51007
51010
51017
51019
51021
51023
51030
51035
51039
51041
51052
51054
51057
51058
51072
51074
51080
51081
51082
51084
51085
51086
51087
51093
51094
51097
51100
51104
51108
51110
51121
51122
51124
51128
51130
51133
51136
51145
51146
51149
51151
51154
51156
51158
51168
51175
51180
51181
51186
51197
51198
51199
51201
51207
51209
51211
51321
51334
51350
51370
51381
51387
51395
51406
51409
51410
51421
51427
51429
51432
51437
51438
51462
51465
51473
51476
51484
51498
51502
51511
51512
51513
51514
51516
51517
51520
51521
51540
51541
51545
51560
51569
51574
51580
51585
51586
51591
51606
51614
51624
51629
51631
51633
51642
51646
51648
51649
51651
51661
51662
51678
51682
51683
51685
51686
51687
51689
51691
51694
51699
51701
51706
51710
51714
51718
51719
51720
51721
51727
51728
51729
51733
51740
51744
51752
51755
51758
51760
51766
51769
51770
51772
51775
51777
51780
51790
51794
51799
51800
51806
51810
51824
51825
51828
51848
51854
51867
51871
51876
51877
51880
51883
51884
51885
51887
51892
51893
51899
51901
51910
51911
51919
51920
51927
51928
51933
51943
51950
51953
51959
51971
51972
51974
51987
51991
51994
51995
52002
52004
52010
52015
52022
52035
52036
52051
52057
52064
52065
52067
52071
52072
52074
52075
52089
52092
52099
52100
52108
52112
52116
52117
52122
52123
52125
52128
52136
52163
52176
52181
52196
52201
52205
52213
52216
52226
52227
52230
52235
52238
52255
52268
52269
52271
52274
52275
52276
52281
52288
52291
52295
52303
52306
52309
52310
52311
52327
52328
52334
52341
52352
52353
52359
52361
52364
52366
52375
52378
52384
52386
52390
52391
52396
52398
52399
52405
52407
52411
52413
52414
52415
52416
52424
52429
52431
52442
52444
52445
52454
52459
52460
52465
52467
52468
52472
52473
52474
52475
52476
52478
52483
52484
52489
52490
52499
52501
52503
52507
52510
52511
52512
52513
52519
52521
52525
52526
52527
52530
52531
52532
52534
52536
52538
52539
52540
52541
52542
52544
52545
52546
52549
52551
52552
52555
52557
52558
52563
52570
52576
52577
52578
52579
52583
52584
52585
52586
52590
52596
52602
52609
52616
52625
52645
52646
52653
52657
52660
52662
52663
52667
52672
52677
52707
52736
52738
52743
52753
52761
52766
52770
52771
52775
52776
52780
52793
52796
52801
52803
52808
52811
52816
52822
52834
52835
52838
52841
52844
52847
52850
52852
52854
52858
52863
52869
52890
52895
52900
52901
52909
52910
52913
52917
52918
52919
52923
52925
52926
52929
52930
52937
52965
52984
52985
52988
52998
52999
53003
53006
53009
53010
53011
53013
53014
53032
53038
53039
53040
53042
53043
53044
53045
53051
53054
53060
53065
53066
53067
53070
53071
53073
53074
53089
53090
53091
53092
53093
53099
53101
53102
53107
53108
53111
53114
53119
53145
53146
53149
53150
53152
53165
53174
53179
53190
53193
53194
53225
53248
53254
53273
53274
53296
53302
53340
53353
53359
53362
53363
53368
53428
53429
53431
53433
53434
53439
53440
53442
53444
53445
53446
53459
53467
53471
53477
53488
53490
53497
53499
53506
53518
53522
53525
53526
53535
53537
53539
53543
53641
53642
53643
53644
53649
53652
53653
53656
53661
53665
53666
53672
53677
53679
53680
53687
53689
53692
53694
53705
53715
53717
53719
53725
53727
53729
53730
53731
53734
53735
53737
53742
53743
53744
53748
53749
53751
53753
53756
53760
53767
53777
53778
53787
53788
53818
53820
53821
53824
53825
53826
53831
53834
53836
53838
53839
53840
53843
53845
53846
53853
53855
53856
53860
53863
53865
53871
53872
53874
53878
53880
53886
53899
53904
53905
53906
53916
53917
53919
53920
53925
53926
53927
53930
53931
53932
53934
53937
53940
53947
53949
53959
53962
53964
53965
53966
53968
53981
53982
53985
53986
53987
54013
54017
54024
54027
54028
54032
54033
54043
54045
54046
54048
54056
54058
54059
54060
54073
54074
54075
54077
54078
54079
54080
54085
54091
54096
54098
54099
54102
54104
54115
54116
54117
54126
54128
54130
54156
54160
54165
54173
54178
54180
54185
54204
54205
54206
54208
54215
54217
54223
54225
54261
54262
54276
54289
54300
54303
54311
54313
54331
54333
54336
54341
54343
54356
54361
54363
54368
54371
54374
54378
54380
54381
54383
54393
54397
54398
54418
54422
54454
54458
54464
54466
54467
54477
54478
54483
54485
54488
54506
54509
54513
54514
54515
54523
54524
54526
54527
54529
54530
54532
54534
54542
54544
54553
54567
54575
54576
54594
54598
54599
54605
54607
54608
54610
54613
54614
54617
54618
54624
54627
54631
54632
54635
54636
54639
54642
54645
54657
54661
54662
54664
54665
54666
54667
54668
54670
54671
54672
54674
54675
54687
54688
54690
54692
54696
54702
54703
54705
54710
54711
54712
54716
54717
54719
54720
54721
54723
54724
54725
54727
54728
54730
54733
54734
54736
54737
54743
54744
54745
54747
54749
54751
54758
54759
54761
54763
54764
54766
54767
54768
54770
54772
54773
54774
54775
54776
54781
54796
54807
54808
54809
54824
54826
54831
54835
54837
54843
54848
54854
54856
54857
54859
54860
54862
54863
54865
54866
54888
54901
54918
54920
54922
54926
54929
54930
54931
54932
54935
54956
54958
54959
54961
54962
54970
54972
54973
54974
54975
54976
54977
54980
54981
54988
54993
54995
55004
55005
55009
55010
55014
55017
55020
55022
55026
55030
55031
55032
55036
55037
55039
55040
55045
55053
55056
55058
55072
55073
55076
55077
55078
55080
55081
55083
55085
55086
55087
55088
55089
55090
55091
55094
55095
55096
55097
55098
55099
55100
55105
55107
55114
55115
55116
55117
55118
55119
55121
55122
55123
55124
55125
55126
55127
55128
55131
55133
55134
55135
55136
55142
55144
55146
55147
55148
55149
55152
55207
55209
55218
55229
55230
55242
55249
55285
55316
55331
55333
55334
55359
55360
55364
55389
55393
55394
55399
55402
55403
55407
55408
55409
55418
55419
55420
55424
55433
55447
55460
55471
55472
55473
55483
55484
55499
55501
55507
55514
55518
55522
55523
55530
55533
55535
55536
55541
55542
55543
55546
55551
55560
55563
55564
55567
55568
55574
55582
55586
55587
55603
55605
55614
55623
55625
55629
55632
55640
55642
55643
55647
55648
55666
55669
55670
55671
55673
55678
55679
55680
55683
55693
55694
55695
55696
55701
55704
55705
55706
55707
55716
55717
55718
55721
55725
55729
55733
55734
55737
55738
55742
55744
55746
55747
55749
55752
55754
55756
55757
55758
55759
55762
55767
55768
55769
55771
55772
55774
55775
55776
55777
55778
55779
55781
55782
55788
55789
55790
55797
55803
55804
55806
55807
55809
55811
55814
55815
55816
55818
55819
55821
55825
55835
55836
55842
55852
55856
55861
55865
55867
55875
55876
55890
55894
55906
55909
55912
55913
55921
55923
55933
55935
55937
55938
55940
55942
55951
55952
55957
55959
55972
55973
55978
55982
55999
56000
56002
56015
56017
56030
56031
56041
56042
56043
56050
56051
56052
56054
56055
56057
56058
56060
56062
56063
56069
56071
56076
56077
56080
56083
56085
56093
56094
56096
56100
56108
56121
56122
56125
56135
56136
56144
56150
56156
56159
56160
56220
56227
56230
56233
56275
56346
56377
56415
56449
56459
56465
56468
56482
56490
56493
56494
56495
56504
56506
56514
56518
56530
56531
56532
56534
56538
56540
56541
56545
56549
56561
56562
56563
56564
56568
56573
56575
56587
56588
56590
56591
56608
56611
56613
56621
56626
56629
56635
56638
56641
56643
56645
56646
56647
56650
56651
56652
56654
56655
56659
56662
56663
56665
56668
56672
56676
56686
56687
56690
56694
56696
56699
56701
56702
56705
56707
56709
56711
56717
56722
56726
56727
56734
56735
56737
56738
56739
56748
56752
56769
56780
56784
56791
56800
56807
56809
56810
56811
56814
56817
56825
56828
56847
56848
56849
56921
56925
56927
56929
56933
56938
56954
56969
56971
56984
56988
56990
57012
57019
57022
57023
57025
57026
57029
57030
57031
57033
57036
57037
57039
57040
57041
57046
57047
57049
57052
57053
57055
57058
57076
57077
57078
57083
57087
57090
57095
57110
57122
57123
57131
57134
57150
57159
57178
57181
57188
57191
57203
57204
57217
57218
57221
57223
57225
57230
57242
57243
57248
57249
57251
57252
57257
57261
57264
57265
57267
57268
57272
57274
57275
57279
57282
57284
57288
57289
57297
57299
57301
57303
57304
57305
57306
57307
57321
57322
57323
57325
57370
57371
57397
57402
57403
57417
57430
57433
57459
57471
57479
57487
57490
57493
57499
57504
57532
57564
57565
57582
57607
57608
57609
57611
57612
57613
57622
57624
57627
57634
57641
57673
57675
57676
57687
57703
57705
57708
57715
57718
57721
57723
57726
57746
57747
57751
57753
57757
57758
57759
57760
57766
57781
57787
57791
57798
57807
57812
57816
57819
57829
57843
57864
57871
57873
57874
57877
57878
57881
57883
57894
57896
57897
57905
57911
57921
57928
57933
57935
57936
57937
57939
57942
57943
57944
57956
57962
57963
57964
57988
57992
57995
57996
58000
58013
58023
58034
58035
58038
58040
58042
58046
58047
58058
58080
58082
58083
58085
58093
58095
58101
58102
58105
58106
58110
58113
58114
58119
58124
58129
58131
58133
58135
58136
58142
58145
58148
58156
58178
58179
58180
58182
58183
58188
58190
58191
58192
58193
58195
58196
58198
58200
58202
58203
58204
58205
58206
58207
58208
58212
58214
58215
58216
58218
58238
58239
58243
58251
58265
58266
58270
58276
58280
58290
58294
58298
58302
58306
58310
58316
58321
58323
58326
58327
58328
58329
58331
58333
58335
58338
58341
58345
58346
58350
58352
58354
58355
58357
58358
58359
58362
58363
58364
58367
58371
58372
58373
58381
58382
58386
58387
58391
58392
58398
58406
58411
58414
58416
58418
58420
58429
58453
58461
58462
58464
58467
58468
58472
58473
58474
58478
58479
58482
58488
58489
58490
58491
58493
58495
58502
58505
58512
58513
58519
58520
58523
58524
58531
58532
58533
58534
58539
58542
58554
58555
58564
58625
58626
58640
58642
58650
58654
58657
58671
58672
58731
58733
58736
58767
58779
58784
58794
58796
58798
58799
58824
58837
58841
58843
58847
58849
58852
58854
58861
58862
58891
58892
58898
58899
58902
58908
58909
58911
58913
58920
58923
58924
58925
58927
58941
58944
58949
58951
58958
58966
58967
58969
58978
58987
58991
58992
59011
59020
59021
59022
59026
59028
59029
59030
59031
59033
59037
59038
59042
59043
59045
59046
59047
59050
59052
59053
59058
59061
59062
59065
59067
59068
59069
59072
59081
59082
59085
59089
59101
59103
59107
59109
59110
59112
59115
59116
59124
59126
59127
59132
59135
59137
59146
59155
59157
59158
59160
59174
59183
59184
59185
59196
59200
59203
59204
59205
59209
59210
59211
59217
59225
59227
59236
59253
59258
59259
59261
59262
59269
59272
59273
59282
59287
59288
59290
59298
59299
59300
59303
59304
59306
59307
59310
59313
59314
59315
59333
59358
59360
59374
59375
59379
59406
59417
59423
59424
59425
59431
59433
59435
59448
59453
59460
59465
59466
59468
59471
59474
59478
59484
59492
59493
59494
59495
59496
59497
59519
59525
59526
59531
59534
59535
59537
59539
59542
59545
59550
59555
59560
59561
59562
59563
59567
59568
59573
59624
59626
59627
59628
59631
59635
59636
59639
59643
59644
59645
59653
59654
59656
59658
59659
59660
59661
59663
59664
59666
59667
59668
59670
59673
59675
59679
59687
59692
59697
59698
59699
59701
59711
59722
59736
59742
59766
59776
59779
59785
59787
59817
59833
59836
59837
59839
59848
59851
59858
59861
59862
59874
59876
59880
59882
59883
59884
59885
59889
59894
59895
59903
59904
59907
59908
59909
59910
59912
59914
59916
59921
59933
59934
59935
59936
59938
59953
59955
59956
59958
59961
59966
59972
59979
59984
59985
59993
59994
59995
59997
59998
59999
60001
60009
60011
60013
60017
60020
60021
60024
60034
60036
60037
60039
60041
60045
60046
60055
60057
60068
60069
60070
60082
60083
60084
60088
60091
60093
60094
60095
60097
60098
60099
60102
60105
60107
60108
60109
60110
60111
60112
60124
60126
60129
60131
60134
60135
60136
60143
60144
60145
60146
60147
60151
60153
60154
60155
60156
60158
60159
60160
60167
60175
60178
60179
60182
60185
60192
60196
60198
60200
60201
60202
60203
60210
60212
60221
60223
60226
60227
60233
60236
60241
60247
60248
60255
60257
60262
60265
60266
60267
60271
60272
60273
60281
60284
60288
60290
60291
60292
60294
60299
60302
60306
60315
60316
60321
60322
60325
60329
60338
60343
60358
60360
60366
60368
60369
60371
60372
60376
60377
60379
60382
60383
60388
60390
60391
60392
60393
60398
60404
60405
60410
60413
60418
60422
60427
60433
60434
60439
60441
60442
60455
60457
60458
60459
60463
60464
60465
60469
60470
60475
60479
60482
60485
60486
60488
60489
60490
60491
60492
60493
60495
60499
60501
60505
60511
60512
60514
60515
60519
60520
60522
60529
60536
60537
60541
60543
60546
60556
60560
60563
60565
60567
60568
60570
60572
60577
60580
60581
60584
60587
60588
60589
60590
60591
60593
60596
60603
60605
60606
60625
60628
60630
60633
60637
60638
60640
60644
60648
60652
60654
60656
60657
60660
60663
60664
60665
60666
60668
60685
60687
60688
60689
60691
60697
60698
60700
60705
60706
60721
60727
60729
60733
60734
60735
60736
60737
60738
60742
60744
60745
60746
60747
60751
60753
60756
60757
60758
60760
60762
60765
60766
60767
60768
60769
60770
60771
60780
60782
60785
60787
60789
60791
60792
60795
60798
60804
60807
60808
60809
60812
60814
60815
60817
60818
60820
60821
60824
60829
60831
60832
60833
60834
60840
60842
60845
60848
60850
60852
60855
60858
60860
60862
60866
60872
60875
60876
60878
60879
60880
60883
60884
60885
60887
60892
60894
60895
60896
60897
60905
60906
60914
60915
60916
60917
60918
60921
60922
60923
60924
60925
60932
60933
60934
60939
60944
60947
60949
60950
60956
60957
60960
60961
60963
60964
60965
60966
60974
60975
60978
60979
60980
60982
60983
60988
60990
60991
60993
60994
60995
60997
60999
61001
61010
61013
61018
61020
61024
61026
61031
61032
61034
61035
61037
61039
61049
61051
61052
61053
61057
61058
61060
61061
61062
61065
61066
61069
61070
61071
61073
61074
61076
61086
61087
61088
61089
61090
61091
61092
61094
61095
61096
61097
61098
61099
61101
61103
61105
61106
61107
61108
61109
61110
61111
61112
61113
61114
61116
61117
61118
61119
61120
61121
61122
61125
61126
61127
61128
61129
61130
61132
61134
61136
61137
61138
61139
61140
61141
61142
61143
61144
61145
61146
61147
61148
61149
61151
61152
61153
61171
61172
61183
61209
61223
61225
61226
61228
61229
61230
61303
61309
61310
61319
61333
61334
61335
61343
61350
61360
61373
61377
61379
61401
61410
61414
61417
61421
61422
61432
61440
61449
61456
61458
61462
61465
61474
61475
61476
61481
61482
61484
61491
61492
61493
61496
61498
61504
61509
61517
61518
61537
61538
61547
61550
61552
61553
61555
61556
61557
61560
61562
61563
61572
61578
61582
61587
61588
61589
61590
61592
61594
61599
61600
61603
61604
61609
61612
61614
61621
61622
61642
61644
61645
61646
61648
61650
61651
61652
61653
61659
61666
61675
61683
61685
61686
61687
61688
61689
61691
61696
61699
61700
61701
61703
61706
61708
61709
61711
61714
61716
61719
61720
61726
61727
61728
61731
61735
61737
61740
61741
61742
61743
61744
61745
61750
61751
61756
61757
61758
61761
61762
61764
61766
61769
61770
61771
61773
61775
61780
61782
61787
61788
61789
61791
61794
61795
61796
61797
61798
61802
61804
61805
61806
61807
61809
61810
61814
61815
61829
61830
61831
61833
61834
61837
61838
61840
61842
61843
61845
61847
61848
61851
61853
61855
61857
61859
61860
61861
61862
61863
61865
61869
61870
61871
61874
61877
61879
61906
61911
61912
61914
61916
61918
61919
61920
61921
61924
61929
61932
61934
61935
61938
61947
61948
61952
61953
61964
61965
61966
61969
61976
61977
61978
61979
61982
61985
61988
61989
61996
62000
62002
62004
62005
62006
62017
62026
62040
62050
62051
62055
62063
62065
62066
62068
62074
62079
62081
62086
62088
62089
62090
62092
62097
62100
62101
62102
62103
62106
62107
62108
62109
62113
62114
62115
62116
62117
62119
62120
62121
62122
62123
62124
62127
62128
62129
62132
62134
62136
62138
62139
62140
62142
62143
62147
62149
62150
62151
62152
62154
62156
62157
62158
62160
62164
62167
62168
62169
62171
62200
62211
62214
62216
62217
62220
62221
62237
62240
62244
62245
62248
62249
62250
62253
62260
62271
62287
62288
62289
62292
62300
62301
62305
62308
62310
62314
62323
62324
62327
62328
62329
62333
62338
62339
62344
62346
62347
62357
62359
62360
62361
62365
62371
62372
62373
62385
62386
62387
62392
62408
62411
62423
62424
62425
62427
62428
62430
62431
62432
62434
62437
62442
62443
62445
62449
62455
62456
62458
62459
62475
62477
62484
62486
62487
62488
62492
62493
62501
62503
62516
62520
62522
62530
62535
62544
62548
62557
62558
62563
62565
62566
62569
62570
62571
62572
62577
62580
62582
62583
62587
62588
62590
62594
62595
62599
62603
62614
62618
62643
62645
62646
62649
62650
62654
62659
62662
62665
62666
62667
62673
62677
62678
62679
62681
62683
62684
62687
62691
62692
62694
62698
62700
62703
62707
62708
62712
62721
62722
62724
62725
62726
62728
62729
62734
62749
62759
62760
62762
62774
62777
62779
62780
62783
62784
62791
62802
62804
62805
62806
62809
62811
62813
62815
62820
62823
62824
62826
62838
62839
62842
62844
62847
62848
62852
62853
62854
62861
62862
62865
62866
62871
62875
62877
62879
62892
62893
62895
62900
62902
62905
62907
62909
62917
62918
62924
62925
62926
62927
62929
62931
62934
62935
62948
62949
62956
62957
62958
62959
62970
62973
62976
62978
62979
62981
62985
62990
62991
62994
62995
62997
63004
63006
63010
63014
63016
63018
63019
63020
63021
63022
63024
63028
63029
63033
63035
63036
63038
63040
63060
63062
63064
63065
63067
63070
63072
63073
63074
63076
63077
63078
63079
63080
63081
63085
63089
63090
63091
63093
63094
63095
63096
63097
63098
63099
63102
63103
63104
63105
63106
63107
63108
63110
63112
63113
63115
63119
63120
63121
63124
63126
63128
63133
63137
63138
63139
63141
63142
63159
63167
63180
63182
63194
63198
63209
63213
63215
63217
63224
63227
63237
63238
63242
63246
63247
63263
63265
63266
63283
63285
63287
63289
63317
63321
63332
63334
63344
63346
63349
63351
63354
63361
63373
63378
63379
63384
63387
63388
63393
63394
63398
63400
63402
63404
63409
63422
63426
63428
63430
63431
63432
63434
63435
63439
63441
63445
63453
63455
63456
63468
63469
63472
63474
63475
63494
63496
63504
63518
63519
63523
63526
63535
63536
63537
63546
63547
63552
63554
63557
63565
63568
63570
63573
63574
63575
63579
63580
63585
63586
63587
63588
63591
63592
63596
63600
63603
63605
63607
63609
63613
63615
63621
63622
63625
63627
63630
63633
63634
63635
63639
63641
63643
63644
63648
63651
63653
63656
63658
63660
63672
63675
63689
63714
63716
63717
63722
63724
63725
63726
63727
63728
63729
63731
63732
63734
63735
63737
63738
63740
63742
63749
63762
63766
63768
63775
63785
63786
63787
63788
63789
63795
63796
63798
63800
63810
63813
63814
63815
63831
63835
63837
63838
63839
63841
63842
63843
63847
63848
63856
63863
63864
63865
63866
63867
63868
63869
63870
63871
63876
63879
63880
63882
63883
63885
63887
63888
63889
63890
63894
63895
63898
63900
63906
63908
63912
63913
63920
63927
63929
63930
63931
63936
63941
63942
63943
63944
63945
63947
63948
63954
63955
63956
63959
63963
63964
63965
63966
63969
63979
63981
63983
63985
63987
63990
63991
63993
63994
63995
63997
63999
64029
64031
64035
64036
64040
64047
64053
64055
64085
64112
64118
64119
64123
64130
64140
64157
64158
64161
64166
64167
64172
64180
64181
64182
64187
64188
64197
64204
64206
64208
64211
64235
64237
64239
64244
64254
64262
64263
64265
64268
64270
64272
64275
64279
64280
64282
64308
64309
64313
64315
64316
64321
64322
64326
64327
64333
64341
64342
64344
64353
64354
64361
64362
64363
64366
64367
64370
64371
64376
64378
64384
64393
64394
64395
64397
64399
64401
64402
64403
64405
64414
64416
64418
64422
64425
64427
64428
64438
64441
64443
64444
64447
64449
64451
64452
64455
64456
64458
64459
64461
64462
64463
64465
64470
64471
64473
64474
64478
64479
64480
64481
64484
64485
64487
64490
64491
64492
64494
64499
64500
64502
64505
64507
64509
64510
64511
64512
64514
64516
64517
64519
64520
64522
64523
64525
64527
64528
64529
64530
64532
64534
64536
64537
64540
64541
64542
64543
64547
64550
64552
64553
64556
64557
64560
64561
64562
64563
64564
64566
64570
64571
64572
64573
64574
64576
64577
64578
64579
64584
64585
64587
64589
64590
64591
64592
64593
64594
64596
64598
64606
64607
64609
64610
64612
64618
64622
64623
64625
64626
64628
64632
64633
64635
64638
64639
64640
64641
64644
64645
64647
64650
64651
64652
64653
64665
64671
64673
64676
64678
64679
64680
64683
64691
64692
64693
64694
64695
64698
64700
64702
64710
64715
64721
64722
64725
64727
64730
64731
64737
64740
64742
64744
64746
64747
64749
64754
64758
64759
64761
64763
64765
64766
64769
64772
64774
64775
64780
64788
64792
64798
64808
64814
64817
64818
64820
64826
64828
64831
64832
64835
64838
64842
64847
64848
64851
64852
64855
64859
64861
64867
64869
64871
64872
64875
64879
64880
64884
64886
64892
64907
64908
64909
64919
64921
64923
64925
64933
64942
64946
64948
64966
64967
64969
64978
64981
64982
64983
64984
64987
64988
64989
64990
64992
65001
65002
65004
65005
65008
65010
65014
65015
65016
65017
65019
65022
65024
65028
65032
65077
65105
65116
65122
65124
65126
65128
65131
65142
65152
65164
65205
65209
65217
65221
65244
65256
65257
65261
65264
65269
65271
65272
65277
65280
65292
65298
65321
65325
65327
65339
65343
65344
65345
65349
65352
65353
65355
65356
65359
65361
65366
65377
65383
65385
65394
65395
65397
65399
65400
65401
65406
65413
65434
65437
65439
65454
65455
65456
65458
65459
65460
65463
65465
65466
65468
65469
65472
65474
65482
65490
65496
65508
65510
65518
65528
65544
65546
65547
65549
65550
65555
65557
65558
65560
65561
65566
65567
65568
65569
65570
65574
65575
65577
65579
65585
65590
65592
65595
65596
65599
65600
65601
65602
65603
65605
65606
65612
65616
65617
65621
65622
65624
65629
65630
65632
65634
65636
65638
65644
65646
65648
65649
65655
65656
65657
65659
65660
65663
65664
65667
65668
65670
65676
65683
65694
65696
65699
65700
65702
65705
65720
65721
65723
65725
65733
65737
65741
65742
65743
65749
65750
65752
65756
65760
65762
65765
65767
65768
65776
65777
65778
65798
65799
65800
65803
65804
65811
65813
65815
65820
65821
65822
65824
65825
65826
65833
65834
65835
65838
65845
65849
65851
65853
65856
65858
65859
65861
65862
65863
65864
65866
65867
65875
65876
65877
65884
65885
65887
65889
65890
65891
65893
65895
65896
65897
65899
65900
65901
65905
65907
65909
65910
65911
65915
65916
65926
65927
65934
65940
65950
65951
65952
65953
65954
65959
65961
65962
65963
65967
65969
65970
65983
65984
65985
65986
65987
65988
65989
65991
65993
65994
65996
65997
66006
66009
66010
66012
66013
66014
66018
66035
66036
66043
66049
66053
66060
66061
66069
66072
66076
66077
66079
66081
66095
66098
66105
66111
66121
66126
66137
66141
66147
66148
66149
66150
66151
66153
66157
66158
66163
66168
66175
66179
66180
66196
66199
66200
66201
66207
66213
66223
66228
66230
66232
66234
66237
66239
66245
66246
66250
66252
66256
66259
66266
66278
66280
66281
66283
66285
66287
66291
66297
66314
66317
66321
66323
66324
66329
66335
66339
66342
66343
66345
66347
66355
66357
66358
66360
66363
66365
66368
66369
66373
66375
66376
66381
66383
66384
66387
66389
66393
66399
66403
66407
66408
66414
66416
66425
66428
66429
66432
66433
66435
66436
66439
66440
66441
66449
66463
66469
66488
66491
66498
66505
66521
66533
66535
66555
66561
66568
66591
66595
66615
66628
66633
66634
66638
66640
66652
66655
66669
66673
66676
66679
66690
66691
66692
66694
66696
66702
66708
66722
66769
66786
66787
66788
66795
66806
66818
66824
66827
66835
66842
66862
66870
66874
66875
66886
66889
66894
66913
66914
66916
66917
66919
66927
66937
66938
66941
66942
66951
66958
66961
66962
66966
66967
66968
66969
66970
66971
66973
66975
66979
66980
66983
66984
66986
66988
66991
66998
66999
67001
67003
67016
67018
67021
67022
67023
67024
67027
67031
67032
67034
67035
67039
67040
67042
67044
67046
67047
67049
67050
67051
67056
67059
67061
67062
67063
67064
67067
67072
67074
67076
67078
67079
67093
67102
67112
67116
67124
67126
67127
67130
67133
67134
67138
67139
67143
67158
67161
67162
67163
67171
67173
67177
67179
67180
67192
67194
67195
67196
67198
67201
67224
67230
67235
67238
67247
67249
67252
67254
67258
67267
67268
67272
67275
67277
67285
67293
67308
67317
67322
67323
67324
67336
67351
67353
67355
67356
67358
67359
67360
67362
67364
67366
67367
67370
67372
67373
67374
67379
67381
67384
67387
67390
67392
67398
67401
67405
67407
67409
67412
67422
67423
67424
67425
67427
67429
67435
67440
67441
67442
67443
67444
67447
67448
67450
67452
67453
67454
67455
67456
67471
67472
67475
67478
67479
67480
67481
67486
67487
67488
67490
67492
67494
67495
67498
67499
67502
67504
67507
67516
67517
67518
67519
67520
67521
67523
67524
67526
67527
67532
67533
67535
67546
67552
67553
67555
67563
67566
67567
67570
67571
67572
67574
67578
67584
67585
67586
67588
67603
67619
67621
67624
67637
67638
67640
67642
67643
67647
67650
67657
67658
67678
67680
67682
67703
67704
67708
67712
67715
67720
67721
67723
67725
67729
67734
67736
67737
67739
67744
67745
67754
67757
67758
67761
67767
67768
67769
67772
67773
67779
67781
67786
67788
67792
67793
67794
67795
67796
67798
67800
67801
67805
67806
67807
67814
67856
67860
67862
67883
67895
67898
67909
67911
67929
67937
67943
67979
67980
67987
67993
67994
67996
68003
68006
68007
68008
68009
68010
68024
68025
68032
68037
68042
68053
68057
68058
68094
68097
68103
68117
68118
68119
68121
68125
68127
68129
68131
68133
68135
68150
68151
68152
68154
68156
68157
68159
68161
68162
68163
68164
68165
68169
68171
68172
68179
68181
68185
68189
68190
68191
68192
68194
68195
68196
68209
68215
68217
68218
68219
68221
68226
68227
68228
68237
68242
68247
68250
68252
68257
68260
68262
68266
68267
68268
68269
68274
68276
68277
68286
68287
68288
68289
68296
68297
68298
68299
68304
68306
68307
68308
68311
68312
68313
68314
68321
68332
68339
68343
68344
68345
68347
68348
68362
68365
68366
68375
68385
68394
68395
68398
68402
68414
68423
68425
68433
68437
68439
68441
68443
68447
68456
68459
68467
68473
68485
68499
68501
68502
68504
68505
68507
68508
68523
68524
68525
68528
68529
68530
68537
68540
68541
68544
68545
68551
68552
68553
68555
68556
68560
68561
68567
68571
68572
68576
68577
68579
68580
68581
68584
68585
68588
68589
68592
68593
68594
68595
68596
68597
68599
68600
68602
68603
68604
68605
68609
68611
68614
68615
68617
68622
68625
68626
68639
68648
68651
68652
68653
68654
68655
68657
68659
68661
68662
68663
68668
68669
68678
68679
68683
68684
68685
68686
68687
68688
68693
68699
68700
68707
68711
68712
68713
68714
68716
68719
68721
68725
68731
68733
68734
68735
68736
68738
68739
68741
68742
68745
68747
68753
68754
68755
68756
68758
68760
68761
68762
68763
68764
68768
68772
68785
68820
68825
68871
68873
68877
68937
68948
68959
68983
68996
69023
69028
69030
69037
69039
69040
69041
69042
69043
69054
69056
69057
69061
69071
69091
69092
69094
69103
69111
69116
69132
69134
69137
69148
69159
69160
69161
69162
69189
69194
69217
69229
69231
69233
69235
69236
69241
69254
69255
69256
69257
69258
69295
69300
69303
69306
69308
69312
69317
69318
69319
69323
69324
69329
69333
69335
69340
69342
69343
69346
69351
69355
69362
69363
69371
69383
69386
69387
69395
69407
69422
69439
69458
69465
69466
69467
69471
69472
69473
69480
69481
69485
69494
69498
69501
69505
69506
69510
69512
69515
69516
69517
69518
69522
69524
69531
69535
69537
69540
69541
69548
69549
69550
69554
69556
69559
69577
69579
69582
69588
69590
69591
69600
69609
69611
69612
69614
69618
69619
69620
69621
69624
69627
69629
69630
69631
69636
69637
69639
69641
69644
69647
69652
69653
69654
69656
69657
69660
69661
69669
69671
69673
69674
69675
69677
69678
69679
69681
69683
69697
69719
69724
69725
69727
69728
69732
69738
69743
69744
69747
69748
69750
69752
69753
69754
69756
69757
69758
69761
69768
69770
69774
69775
69777
69778
69781
69783
69789
69791
69811
69831
69834
69838
69839
69846
69849
69853
69864
69882
69883
69889
69896
69903
69907
69908
69911
69912
69913
69915
69916
69918
69919
69923
69929
69932
69936
69937
69939
69940
69943
69945
69949
69950
69951
69952
69953
69954
69956
69957
69962
69968
69981
69982
69985
69991
69994
69997
69998
70042
70043
70055
70056
70059
70061
70062
70063
70067
70072
70074
70083
70086
70088
70092
70105
70118
70120
70121
70123
70126
70129
70131
70133
70139
70141
70142
70143
70145
70150
70151
70152
70155
70156
70157
70158
70159
70160
70164
70166
70168
70169
70171
70177
70179
70186
70187
70190
70191
70192
70195
70196
70197
70201
70206
70242
70243
70252
70259
70265
70268
70295
70298
70302
70307
70314
70321
70323
70341
70347
70370
70411
70420
70422
70434
70438
70448
70483
70494
70495
70496
70497
70503
70507
70511
70521
70535
70546
70563
70566
70568
70570
70573
70583
70595
70604
70610
70616
70623
70626
70628
70629
70635
70637
70639
70642
70645
70646
70649
70653
70657
70666
70669
70671
70681
70683
70684
70685
70687
70695
70696
70698
70699
70701
70702
70710
70711
70716
70717
70718
70719
70722
70724
70725
70732
70734
70745
70746
70749
70750
70758
70761
70764
70766
70768
70780
70782
70783
70785
70786
70801
70802
70803
70807
70809
70810
70813
70815
70816
70825
70827
70829
70832
70833
70836
70837
70840
70841
70844
70846
70858
70863
70874
70888
70889
70897
70899
70902
70903
70910
70911
70912
70914
70916
70918
70920
70925
70927
70928
70929
70931
70934
70935
70937
70943
70945
70946
70948
70951
70953
70954
70959
70986
70997
70998
71034
71044
71045
71074
71083
71085
71094
71097
71102
71107
71108
71113
71114
71123
71124
71149
71164
71185
71187
71188
71193
71197
71198
71201
71202
71203
71205
71208
71210
71211
71215
71228
71230
71232
71234
71239
71240
71246
71247
71257
71261
71264
71269
71270
71272
71274
71276
71277
71280
71281
71282
71283
71284
71285
71293
71296
71300
71305
71307
71308
71313
71314
71318
71324
71326
71327
71329
71331
71332
71333
71334
71342
71361
71365
71457
71479
71482
71485
71571
71588
71603
71634
71657
71669
71670
71672
71676
71712
71715
71716
71717
71728
71754
71761
71771
71781
71782
71805
71809
71812
71826
71829
71830
71835
71854
71865
71871
71881
71883
71902
71912
71927
71928
71935
71939
71940
71944
71945
71955
71956
71957
71973
71975
71978
71980
71981
71993
72000
72001
72002
72011
72015
72032
72033
72034
72037
72042
72045
72047
72055
72066
72068
72070
72072
72076
72082
72085
72086
72087
72090
72093
72095
72098
72099
72102
72104
72105
72107
72115
72119
72122
72125
72126
72133
72134
72136
72138
72139
72140
72141
72142
72144
72153
72155
72160
72164
72169
72170
72173
72179
72223
72228
72230
72232
72234
72239
72240
72245
72247
72250
72253
72256
72257
72258
72260
72262
72264
72270
72274
72276
72278
72279
72280
72282
72284
72288
72294
72298
72300
72314
72318
72322
72331
72333
72334
72335
72336
72338
72341
72350
72356
72379
72395
72401
72404
72405
72410
72418
72419
72422
72435
72443
72444
72448
72465
72478
72491
72492
72493
72496
72503
72507
72508
72509
72516
72518
72523
72530
72534
72535
72538
72539
72542
72548
72560
72561
72563
72565
72571
72580
72589
72593
72600
72618
72625
72628
72629
72631
72639
72640
72643
72646
72649
72651
72653
72654
72659
72662
72667
72669
72679
72728
72729
72730
72733
72735
72737
72741
72742
72743
72750
72751
72753
72754
72763
72764
72769
72770
72771
72773
72775
72779
72788
72789
72795
72796
72797
72801
72807
72811
72812
72817
72822
72858
73060
73071
73084
73095
73104
73106
73113
73122
73125
73126
73135
73140
73143
73148
73167
73170
73171
73186
73189
73192
73200
73211
73212
73213
73214
73217
73218
73221
73226
73229
73233
73237
73243
73259
73260
73268
73269
73270
73296
73297
73301
73315
73317
73321
73325
73328
73330
73334
73335
73337
73342
73343
73344
73346
73349
73354
73365
73366
73370
73376
73385
73387
73391
73397
73399
73402
73403
73404
73405
73406
73438
73448
73449
73452
73456
73457
73461
73462
73463
73464
73466
73475
73476
73479
73483
73484
73490
73492
73493
73494
73502
73506
73510
73511
73512
73513
73514
73523
73526
73528
73529
73536
73539
73544
73545
73577
73591
73593
73595
73610
73612
73616
73618
73624
73642
73644
73645
73646
73648
73649
73657
73670
73671
73676
73679
73692
73695
73698
73704
73707
73708
73709
73711
73715
73720
73723
73724
73727
73735
73742
73745
73746
73747
73750
73751
73753
73754
73756
73764
73765
73768
73769
73777
73781
73785
73787
73790
73791
73792
73794
73796
73798
73801
73804
73805
73807
73818
73821
73822
73832
73833
73835
73840
73841
73843
73848
73852
73855
73860
73861
73862
73865
73866
73870
73872
73873
73877
73883
73884
73888
73903
73905
73906
73907
73910
73912
73913
73914
73918
73921
73922
73923
73927
73929
73930
73933
73934
73935
73938
73943
73945
73947
73949
73953
73955
73960
73962
73963
73969
73970
73976
73977
73981
73984
73987
73988
73991
73996
73997
74001
74002
74006
74008
74018
74019
74024
74027
74029
74032
74034
74044
74045
74050
74051
74053
74054
74056
74057
74060
74064
74068
74069
74072
74074
74085
74092
74094
74096
74099
74100
74108
74114
74115
74117
74124
74130
74135
74138
74143
74144
74156
74157
74159
74160
74163
74165
74171
74172
74182
74192
74193
74197
74198
74199
74203
74204
74209
74220
74221
74224
74225
74227
74228
74230
74238
74239
74241
74246
74247
74250
74253
74254
74255
74256
74257
74258
74259
74260
74261
74268
74269
74270
74271
74272
74275
74276
74278
74280
74281
74282
74285
74289
74290
74291
74293
74294
74297
74298
74299
74302
74307
74310
74314
74316
74318
74320
74340
74341
74346
74348
74349
74350
74352
74353
74354
74355
74357
74359
74361
74365
74368
74369
74371
74374
74376
74378
74379
74380
74382
74386
74388
74389
74390
74391
74392
74393
74394
74395
74396
74398
74399
74400
74401
74402
74403
74404
74405
74406
74407
74408
74409
74410
74411
74412
74413
74415
74416
74418
74419
74420
74421
74422
74423
74426
74428
74429
74434
74435
74437
74438
74440
74442
74446
74453
74454
74455
74461
74466
74469
74470
74472
74473
74475
74477
74478
74479
74480
74481
74482
74483
74485
74486
74489
74490
74491
74496
74498
74499
74502
74504
74506
74507
74508
74509
74511
74512
74513
74514
74515
74516
74518
74522
74524
74527
74530
74531
74532
74533
74534
74535
74536
74537
74538
74540
74541
74542
74543
74544
74545
74546
74547
74548
74550
74588
74590
74599
74602
74604
74613
74616
74627
74631
74633
74635
74641
74645
74646
74665
74670
74676
74684
74696
74699
74703
74721
74726
74727
74731
74732
74744
74746
74748
74763
74764
74765
74778
74788
74798
74866
74919
74920
74924
74925
74979
74981
74991
75015
75036
75042
75045
75046
75048
75049
75052
75058
75061
75063
75064
75066
75089
75090
75094
75098
75100
75104
75105
75115
75126
75147
75151
75154
75163
75169
75170
75174
75175
75176
75177
75180
75181
75184
75185
75189
75201
75203
75204
75208
75210
75211
75231
75242
75245
75246
75250
75251
75254
75262
75271
75273
75274
75275
75277
75278
75279
75280
75281
75284
75286
75288
75289
75291
75293
75302
75305
75306
75307
75308
75309
75315
75316
75321
75327
75328
75331
75349
75360
75364
75368
75369
75377
75386
75390
75393
75394
75396
75397
75398
75400
75401
75403
75406
75408
75409
75410
75411
75412
75417
75418
75430
75436
75437
75449
75456
75460
75466
75474
75477
75480
75483
75486
75488
75489
75490
75492
75494
75496
75498
75499
75500
75501
75503
75504
75506
75513
75515
75517
75520
75522
75523
75524
75526
75527
75528
75532
75533
75535
75536
75537
75538
75539
75540
75541
75542
75543
75545
75546
75548
75549
75551
75555
75556
75558
75562
75565
75568
75572
75573
75575
75576
75583
75586
75588
75595
75597
75598
75601
75602
75616
75619
75620
75621
75626
75630
75631
75632
75634
75635
75636
75637
75639
75640
75641
75644
75648
75651
75656
75659
75668
75670
75676
75681
75683
75684
75699
75701
75702
75704
75706
75715
75717
75738
75742
75743
75744
75748
75749
75750
75751
75752
75755
75756
75761
75770
75773
75774
75775
75780
75782
75805
75814
75815
75816
75818
75823
75828
75829
75831
75834
75838
75839
75840
75843
75844
75850
75851
75854
75855
75863
75866
75868
75870
75873
75892
75896
75898
75903
75904
75907
75909
75912
75913
75914
75917
75919
75920
75921
75923
75924
75927
75928
75929
75930
75932
75934
75938
75940
75943
75952
75954
75955
75957
75958
75960
75963
75967
75968
75969
75970
75971
75972
75973
75974
75975
75976
75985
75986
75991
75992
75993
75996
75998
76001
76004
76008
76009
76010
76016
76017
76019
76020
76023
76024
76026
76027
76029
76031
76032
76033
76034
76044
76046
76054
76055
76056
76060
76061
76062
76063
76068
76069
76071
76073
76074
76078
76080
76081
76083
76084
76085
76086
76087
76088
76093
76094
76096
76098
76102
76103
76105
76107
76109
76110
76112
76114
76115
76117
76118
76119
76122
76123
76124
76126
76144
76146
76150
76158
76169
76178
76192
76204
76207
76209
76213
76217
76218
76219
76223
76229
76251
76253
76254
76259
76261
76262
76269
76272
76273
76274
76291
76292
76293
76294
76314
76323
76335
76343
76347
76349
76351
76352
76353
76361
76379
76397
76400
76403
76408
76457
76458
76459
76481
76495
76504
76507
76538
76541
76542
76564
76566
76577
76582
76586
76588
76589
76604
76614
76621
76622
76624
76631
76639
76648
76671
76680
76687
76696
76697
76704
76706
76715
76716
76735
76740
76741
76743
76745
76751
76753
76754
76762
76769
76773
76775
76783
76793
76797
76802
76805
76821
76825
76829
76830
76833
76847
76849
76850
76853
76854
76855
76856
76862
76863
76864
76867
76871
76873
76881
76904
76932
76934
76937
76938
76945
76946
76947
76948
76951
76952
76955
76959
76961
76963
76965
76968
76969
76970
76971
76973
76974
76976
76980
76986
76987
76990
77004
77005
77006
77010
77011
77012
77014
77015
77022
77024
77028
77032
77039
77041
77044
77048
77055
77056
77059
77060
77065
77073
77102
77104
77108
77109
77110
77113
77114
77115
77124
77125
77126
77127
77128
77129
77131
77132
77133
77136
77137
77138
77141
77149
77153
77159
77161
77162
77163
77168
77169
77171
77176
77177
77179
77180
77182
77188
77193
77204
77213
77233
77258
77259
77264
77265
77268
77271
77276
77288
77307
77320
77322
77326
77337
77343
77350
77351
77355
77364
77365
77368
77371
77374
77379
77380
77381
77387
77397
77398
77399
77401
77407
77413
77415
77425
77436
77443
77472
77483
77486
77488
77492
77494
77496
77501
77505
77507
77508
77510
77511
77512
77515
77520
77523
77526
77527
77543
77545
77547
77548
77551
77560
77561
77569
77585
77586
77636
77640
77641
77645
77647
77648
77650
77651
77654
77657
77663
77664
77666
77670
77671
77673
77674
77675
77678
77685
77686
77690
77691
77694
77695
77697
77698
77699
77700
77701
77702
77704
77707
77789
77844
77845
77847
77890
77903
77919
77930
77931
77936
77949
77969
77985
77987
77996
78004
78020
78032
78034
78050
78064
78069
78081
78097
78114
78119
78122
78169
78209
78212
78220
78222
78250
78251
78258
78263
78269
78275
78277
78281
78285
78296
78303
78309
78319
78322
78330
78332
78352
78375
78408
78417
78424
78435
78446
78448
78450
78451
78454
78464
78466
78481
78485
78493
78494
78497
78511
78512
78515
78519
78520
78524
78531
78533
78538
78543
78564
78565
78569
78571
78573
78575
78587
78588
78590
78593
78594
78605
78609
78627
78633
78634
78654
78659
78663
78666
78673
78677
78680
78682
78687
78688
78697
78699
78700
78701
78704
78705
78716
78718
78720
78727
78729
78730
78735
78739
78742
78782
78785
78795
78810
78816
78818
78829
78834
78837
78841
78845
78856
78865
78870
78871
78873
78878
78881
78882
78900
78902
78903
78908
78910
78932
78946
78949
78955
78956
78957
78985
78994
78997
79000
79004
79007
79011
79018
79032
79033
79034
79041
79059
79071
79084
79087
79088
79089
79090
79092
79099
79101
79103
79109
79121
79122
79128
79131
79143
79153
79156
79158
79160
79163
79172
79173
79176
79178
79180
79185
79187
79202
79203
79213
79214
79215
79216
79219
79231
79232
79237
79239
79248
79255
79261
79262
79279
79280
79281
79282
79285
79288
79290
79292
79293
79294
79296
79299
79300
79301
79306
79309
79311
79312
79313
79314
79319
79322
79346
79350
79360
79374
79407
79425
79433
79443
79448
79450
79455
79466
79488
79490
79513
79515
79518
79525
79548
79556
79562
79575
79576
79580
79588
79609
79611
79620
79637
79662
79665
79720
79726
79727
79740
79755
79756
79759
79777
79784
79787
79791
79799
79804
79809
79814
79826
79830
79831
79837
79838
79880
79889
79892
79954
79956
79963
79965
79982
